,300MHz_ppm,300MHz_intensity,60MHz_ppm,60MHz_intensity
0,-0.5,8.935917065671784e-06,-0.5,0.00023370101929238201
1,-0.49799963629750865,8.99203833178428e-06,-0.49799963629750865,0.00023519395297626035
2,-0.49599927259501725,9.048768402617223e-06,-0.49599927259501725,0.00023670310320128758
3,-0.4939989088925259,9.106116611145828e-06,-0.4939989088925259,0.00023822871666545484
4,-0.4919985451900345,9.164092474950336e-06,-0.49199854519003455,0.00023977104489060404
5,-0.48999818148754315,9.222705700679602e-06,-0.4899981814875432,0.00024133034433764092
6,-0.48799781778505186,9.281966188642054e-06,-0.48799781778505186,0.00024290687652499634
7,-0.4859974540825605,9.341884037528251e-06,-0.48599745408256045,0.00024450090815044344
8,-0.48399709038006916,9.402469549269266e-06,-0.4839970903800691,0.00024611271121637935
9,-0.48199672667757776,9.463733234035518e-06,-0.4819967266775777,0.0002477425631586848
10,-0.4799963629750864,9.525685815380683e-06,-0.47999636297508635,0.0002493907469792802
11,-0.477995999272595,9.588338235535504e-06,-0.47799599927259506,0.0002510575513824997
12,-0.47599563557010366,9.65170166085655e-06,-0.47599563557010366,0.0002527432709154105
13,-0.4739952718676123,9.7157874874352e-06,-0.4739952718676123,0.00025444820611220906
14,-0.4719949081651209,9.780607346872179e-06,-0.47199490816512096,0.0002561726636428301
15,-0.46999454446262956,9.846173112223361e-06,-0.46999454446262956,0.00025791695646591115
16,-0.46799418076013816,9.912496904122642e-06,-0.4679941807601382,0.0002596814039862592
17,-0.4659938170576468,9.979591097087964e-06,-0.4659938170576468,0.00026146633221697146
18,-0.4639934533551555,1.0047468326016819e-05,-0.46399345335515546,0.00026327207394637105
19,-0.46199308965266417,1.0116141492877757e-05,-0.46199308965266417,0.00026509896890991943
20,-0.45999272595017276,1.0185623773604746e-05,-0.45999272595017276,0.0002669473639672803
21,-0.4579923622476814,1.025592862520141e-05,-0.4579923622476814,0.0002688176132847089
22,-0.45599199854519007,1.0327069793062591e-05,-0.45599199854519,0.00027071007852295405
23,-0.45399163484269867,1.0399061318520772e-05,-0.45399163484269867,0.00027262512903086577
24,-0.4519912711402073,1.0471917546625447e-05,-0.4519912711402073,0.00027456314204490396
25,-0.4499909074377159,1.0545653134163593e-05,-0.4499909074377159,0.0002765245028947608
26,-0.44799054373522457,1.0620283057929943e-05,-0.4479905437352246,0.00027850960521530964
27,-0.4459901800327332,1.0695822623255933e-05,-0.4459901800327332,0.00028051885116510433
28,-0.4439898163302418,1.0772287472806764e-05,-0.44398981633024187,0.0002825526516516652
29,-0.4419894526277506,1.0849693595656111e-05,-0.4419894526277505,0.00028461142656379177
30,-0.4399890889252592,1.0928057336648736e-05,-0.4399890889252591,0.00028669560501115674
31,-0.4379887252227678,1.1007395406061407e-05,-0.43798872522276777,0.00028880562557144355
32,-0.4359883615202764,1.1087724889573132e-05,-0.43598836152027637,0.0002909419365453011
33,-0.4339879978177851,1.116906325855607e-05,-0.433987997817785,0.00029310499621940117
34,-0.43198763411529373,1.1251428380699003e-05,-0.43198763411529373,0.0002952952731378953
35,-0.4299872704128023,1.1334838530975792e-05,-0.4299872704128023,0.00029751324638258
36,-0.427986906710311,1.1419312402971597e-05,-0.427986906710311,0.00029975940586209206
37,-0.4259865430078196,1.150486912058045e-05,-0.42598654300781963,0.0003020342526104709
38,-0.4239861793053282,1.1591528250088059e-05,-0.4239861793053282,0.0003043382990954351
39,-0.4219858156028369,1.167930981265455e-05,-0.4219858156028369,0.0003066720695367406
40,-0.41998545190034553,1.1768234297212308e-05,-0.41998545190034553,0.0003090361002349977
41,-0.4179850881978542,1.1858322673794865e-05,-0.4179850881978542,0.0003114309399113448
42,-0.4159847244953628,1.1949596407313429e-05,-0.41598472449536283,0.00031385715005839086
43,-0.4139843607928715,1.204207747179826e-05,-0.41398436079287143,0.0003163153053028584
44,-0.4119839970903801,1.213578836512309e-05,-0.4119839970903801,0.00031880599378037675
45,-0.40998363338788874,1.2230752124231353e-05,-0.4099836333878887,0.00032132981752289294
46,-0.40798326968539733,1.2326992340883912e-05,-0.40798326968539733,0.0003238873928591927
47,-0.405982905982906,1.2424533177948935e-05,-0.405982905982906,0.0003264793508290399
48,-0.40398254228041464,1.2523399386255267e-05,-0.4039825422804146,0.0003291063376114713
49,-0.40198217857792323,1.2623616322031861e-05,-0.4019821785779233,0.00033176901496780097
50,-0.3999818148754319,1.2725209964956684e-05,-0.3999818148754319,0.00033446806069991914
51,-0.39798145117294054,1.2828206936839553e-05,-0.39798145117294054,0.0003372041691244931
52,-0.3959810874704492,1.2932634520964667e-05,-0.3959810874704492,0.0003399780515637057
53,-0.3939807237679578,1.3038520682119499e-05,-0.3939807237679578,0.0003427904368531965
54,-0.3919803600654665,1.314589408733821e-05,-0.3919803600654665,0.000345642071867902
55,-0.38997999636297515,1.3254784127388866e-05,-0.38997999636297515,0.0003485337220665186
56,-0.38797963266048374,1.336522093903513e-05,-0.38797963266048374,0.0003514661720553516
57,-0.3859792689579924,1.347723542810463e-05,-0.3859792689579924,0.000354440226172344
58,-0.383978905255501,1.3590859293397625e-05,-0.383978905255501,0.0003574567090921178
59,-0.38197854155300964,1.3706125051471159e-05,-0.38197854155300964,0.00036051646645289976
60,-0.3799781778505183,1.3823066062335689e-05,-0.3799781778505183,0.00036362036550624283
61,-0.3779778141480269,1.3941716556102774e-05,-0.3779778141480269,0.00036676929579049835
62,-0.37597745044553554,1.4062111660624396e-05,-0.37597745044553554,0.00036996416982904186
63,-0.3739770867430442,1.4184287430166369e-05,-0.37397708674304414,0.000373205923854297
64,-0.37197672304055285,1.4308280875160377e-05,-0.37197672304055285,0.00037649551855866055
65,-0.36997635933806144,1.4434129993081328e-05,-0.3699763593380615,0.0003798339398734775
66,-0.36797599563557015,1.4561873800499071e-05,-0.3679759956355701,0.0003832221997772728
67,-0.36597563193307875,1.4691552366355799e-05,-0.36597563193307875,0.0003866613371345102
68,-0.3639752682305874,1.482320684652318e-05,-0.3639752682305874,0.000390152418566203
69,-0.36197490452809605,1.4956879519695823e-05,-0.36197490452809605,0.000393696539353772
70,-0.35997454082560465,1.5092613824680546e-05,-0.3599745408256047,0.0003972948243776138
71,-0.3579741771231133,1.523045439914397e-05,-0.3579741771231133,0.0004009484290919157
72,-0.3559738134206219,1.537044711988406e-05,-0.35597381342062195,0.0004046585405373305
73,-0.35397344971813055,1.55126391446946e-05,-0.35397344971813055,0.0004084263783932046
74,-0.3519730860156392,1.565707895589519e-05,-0.3519730860156392,0.0004122531960711403
75,-0.34997272231314785,1.58038164056029e-05,-0.34997272231314785,0.00041614028185176394
76,-0.3479723586106565,1.595290276282601e-05,-0.34797235861065645,0.0004200889600666665
77,-0.3459719949081651,1.6104390762464023e-05,-0.3459719949081651,0.00042410059232758516
78,-0.3439716312056738,1.6258334656302933e-05,-0.3439716312056737,0.00042817657880500046
79,-0.3419712675031824,1.641479026609927e-05,-0.3419712675031824,0.0004323183595584424
80,-0.33997090380069106,1.6573815038851245e-05,-0.33997090380069106,0.0004365274159209088
81,-0.3379705400981997,1.6735468104360942e-05,-0.33797054009819966,0.0004408052719399392
82,-0.3359701763957083,1.6899810335196783e-05,-0.3359701763957083,0.00044515349587801047
83,-0.33396981269321696,1.706690440917145e-05,-0.333969812693217,0.00044957370177507136
84,-0.33196944899072556,1.723681487445675e-05,-0.3319694489907256,0.00045406755107618127
85,-0.3299690852882342,1.740960821746366e-05,-0.32996908528823427,0.0004586367543273767
86,-0.32796872158574286,1.7585352933622616e-05,-0.32796872158574286,0.00046328307294306407
87,-0.3259683578832515,1.7764119601206676e-05,-0.3259683578832515,0.0004680083210484126
88,-0.32396799418076017,1.7945980958348333e-05,-0.32396799418076017,0.0004728143674004174
89,-0.3219676304782688,1.8131011983408812e-05,-0.32196763047826876,0.0004777031373915001
90,-0.31996726677577747,1.8319289978868078e-05,-0.3199672667757774,0.00048267661513973735
91,-0.31796690307328607,1.8510894658912902e-05,-0.317966903073286,0.0004877368456700302
92,-0.3159665393707947,1.870590824091088e-05,-0.31596653937079466,0.0004928859371907734
93,-0.3139661756683033,1.8904415540968734e-05,-0.3139661756683033,0.0004981260634708477
94,-0.31196581196581197,1.9106504073784994e-05,-0.31196581196581197,0.0005034594663220202
95,-0.3099654482633206,1.9312264157019146e-05,-0.3099654482633206,0.0005088884581921502
96,-0.3079650845608292,1.9521789020412535e-05,-0.3079650845608292,0.0005144154248748904
97,-0.30596472085833787,1.9735174919910133e-05,-0.3059647208583379,0.0005200428283419185
98,-0.3039643571558465,1.9952521257046998e-05,-0.3039643571558466,0.0005257732097040838
99,-0.3019639934533552,2.0173930703879137e-05,-0.3019639934533552,0.0005316091923082296
100,-0.2999636297508638,2.039950933375527e-05,-0.2999636297508638,0.0005375534849768541
101,-0.2979632660483725,2.0629366758243904e-05,-0.2979632660483725,0.0005436088853982025
102,-0.29596290234588113,2.0863616270549484e-05,-0.2959629023458811,0.0005497782836748408
103,-0.2939625386433897,2.1102374995771498e-05,-0.2939625386433897,0.0005560646660392457
104,-0.2919621749408984,2.134576404838289e-05,-0.2919621749408983,0.0005624711187454702
105,-0.289961811238407,2.1593908697326957e-05,-0.289961811238407,0.0005690008321465023
106,-0.2879614475359156,2.1846938539157318e-05,-0.2879614475359156,0.0005756571049675208
107,-0.2859610838334243,2.2104987679672224e-05,-0.2859610838334242,0.0005824433487859022
108,-0.28396072013093293,2.2368194924523242e-05,-0.28396072013093293,0.0005893630927294978
109,-0.2819603564284416,2.2636703979308853e-05,-0.2819603564284415,0.0005964199884054419
110,-0.2799599927259502,2.2910663659696862e-05,-0.2799599927259502,0.0006036178150725205
111,-0.27795962902345883,2.31902281121543e-05,-0.27795962902345883,0.0006109604850709745
112,-0.27595926532096743,2.3475557045901988e-05,-0.2759592653209675,0.0006184520495245005
113,-0.2739589016184761,2.376681597675094e-05,-0.27395890161847614,0.0006260967043301727
114,-0.27195853791598473,2.4064176483522026e-05,-0.27195853791598473,0.0006338987964530409
115,-0.2699581742134934,2.436781647779682e-05,-0.2699581742134934,0.000641862830543265
116,-0.26795781051100204,2.4677920487798157e-05,-0.26795781051100204,0.0006499934758948264
117,-0.26595744680851063,2.4994679957253115e-05,-0.26595744680851063,0.0006582955737661437
118,-0.2639570831060193,2.531829356014939e-05,-0.2639570831060193,0.0006667741450842721
119,-0.2619567194035279,2.5648967532359043e-05,-0.26195671940352794,0.000675434398555861
120,-0.2599563557010366,2.5986916021170956e-05,-0.2599563557010366,0.0006842817392096086
121,-0.25795599199854524,2.633236145384661e-05,-0.2579559919985452,0.0006933217773966717
122,-0.25595562829605384,2.6685534926392034e-05,-0.25595562829605384,0.0007025603382773276
123,-0.2539552645935625,2.7046676613824046e-05,-0.2539552645935625,0.0007120034718241568
124,-0.2519549008910711,2.741603620330024e-05,-0.25195490089107114,0.0007216574633741589
125,-0.24995453718857974,2.7793873351581128e-05,-0.24995453718857974,0.0007315288447645229
126,-0.24795417348608842,2.8180458168400075e-05,-0.24795417348608836,0.0007416244060892485
127,-0.24595380978359704,2.8576071727432088e-05,-0.24595380978359704,0.000751951208116518
128,-0.24395344608110567,2.898100660667791e-05,-0.24395344608110567,0.000762516595409617
129,-0.2419530823786143,2.939556746021542e-05,-0.2419530823786143,0.0007733282101973399
130,-0.23995271867612294,2.982007162341743e-05,-0.23995271867612294,0.0007843940070432308
131,-0.2379523549736316,3.0254849753894046e-05,-0.2379523549736316,0.0007957222683666757
132,-0.23595199127114025,3.0700246510591e-05,-0.23595199127114022,0.0008073216208728665
133,-0.23395162756864887,3.11566212736629e-05,-0.23395162756864885,0.0008192010529529754
134,-0.2319512638661575,3.16243489079444e-05,-0.23195126386615747,0.0008313699331205716
135,-0.22995090016366612,3.210382057306406e-05,-0.2299509001636661,0.0008438380295554129
136,-0.22795053646117475,3.259544458348722e-05,-0.2279505364611748,0.0008566155308312728
137,-0.22595017275868343,3.309964732203658e-05,-0.22595017275868343,0.0008697130679104898
138,-0.22394980905619208,3.3616874210725896e-05,-0.22394980905619205,0.0008831417374944576
139,-0.2219494453537007,3.4147590743054385e-05,-0.22194944535370068,0.000896913126826423
140,-0.21994908165120933,3.469228358224986e-05,-0.21994908165120933,0.0009110393400506962
141,-0.21794871794871795,3.525146173032128e-05,-0.21794871794871795,0.0009255330262408626
142,-0.21594835424622658,3.5825657773187586e-05,-0.21594835424622658,0.000940407409218805
143,-0.21394799054373526,3.6415429207594965e-05,-0.21394799054373526,0.0009556763192964326
144,-0.21194762684124388,3.7021359856021714e-05,-0.21194762684124388,0.000971354227083031
145,-0.20994726313875253,3.764406137630306e-05,-0.20994726313875253,0.0009874562795131774
146,-0.20794689943626116,3.828417487329432e-05,-0.20794689943626116,0.0010039983382633731
147,-0.20594653573376978,3.8942372620532026e-05,-0.20594653573376978,0.0010209970207399508
148,-0.2039461720312784,3.9619359900558765e-05,-0.2039461720312784,0.0010384697438366687
149,-0.20194580832878709,4.031587697335287e-05,-0.20194580832878703,0.0010564347706777386
150,-0.1999454446262957,4.103270118315775e-05,-0.19994544462629574,0.001074911260581116
151,-0.19794508092380436,4.1770649214945077e-05,-0.19794508092380436,0.0010939193224978106
152,-0.195944717221313,4.253057951278384e-05,-0.195944717221313,0.0011134800722060298
153,-0.1939443535188216,4.331339487352964e-05,-0.1939443535188216,0.0011336156935643127
154,-0.19194398981633023,4.412004523051299e-05,-0.19194398981633026,0.0011543495041557792
155,-0.18994362611383891,4.4951530643302116e-05,-0.1899436261138389,0.0011757060256864158
156,-0.18794326241134754,4.580890451116241e-05,-0.1879432624113475,0.001197711059534363
157,-0.18594289870885616,4.669327702954747e-05,-0.18594289870885614,0.001220391767884756
158,-0.18394253500636482,4.760581891085849e-05,-0.18394253500636484,0.0012437767609262496
159,-0.18194217130387344,4.8547765392817696e-05,-0.18194217130387347,0.0012678961906314127
160,-0.17994180760138212,4.95204205601486e-05,-0.1799418076013821,0.0012927818516941761
161,-0.17794144389889074,5.0525162007866576e-05,-0.17794144389889072,0.0013184672902541588
162,-0.17594108019639937,5.15634458773914e-05,-0.17594108019639934,0.001344987921100534
163,-0.173940716493908,5.263681229994009e-05,-0.173940716493908,0.0013723811541180204
164,-0.17194035279141665,5.37468912852808e-05,-0.17194035279141662,0.0014006865308153697
165,-0.16993998908892527,5.489540909798249e-05,-0.1699399890889253,0.0014299458718634007
166,-0.16793962538643395,5.6084195167832125e-05,-0.16793962538643392,0.0014602034366663621
167,-0.16593926168394257,5.7315189586178485e-05,-0.16593926168394255,0.0014915060960983678
168,-0.1639388979814512,5.859045124567187e-05,-0.1639388979814512,0.0015239035196574404
169,-0.16193853427895982,5.991216668728888e-05,-0.16193853427895982,0.0015574483784248842
170,-0.15993817057646845,6.128265972575662e-05,-0.15993817057646845,0.0015921965653692442
171,-0.1579378068739771,6.270440193263647e-05,-0.15793780687397707,0.0016282074347041848
172,-0.15593744317148578,6.418002406552212e-05,-0.15593744317148578,0.001665544062200752
173,-0.1539370794689944,6.571232854220303e-05,-0.1539370794689944,0.0017042735285695372
174,-0.15193671576650303,6.73043030704138e-05,-0.15193671576650303,0.0017444672282705663
175,-0.14993635206401165,6.89591355571406e-05,-0.14993635206401165,0.001786201206382188
176,-0.14793598836152028,7.068023043661694e-05,-0.14793598836152028,0.0018295565264690964
177,-0.14593562465902893,7.247122657339228e-05,-0.14593562465902893,0.0018746196727392125
178,-0.1439352609565376,7.433601691651855e-05,-0.14393526095653755,0.0019214829901752011
179,-0.14193489725404623,7.627877010334344e-05,-0.14193489725404618,0.001970245166775922
180,-0.13993453355155486,7.830395423706966e-05,-0.13993453355155486,0.0020210117625539727
181,-0.13793416984906348,8.041636309165109e-05,-0.1379341698490635,0.002073895790517114
182,-0.1359338061465721,8.262114503135831e-05,-0.13593380614657213,0.002129018355524376
183,-0.13393344244408076,8.492383497117525e-05,-0.13393344244408076,0.002186509357665073
184,-0.1319330787415894,8.733038974893874e-05,-0.13193307874158938,0.002246508267675132
185,-0.12993271503909806,8.984722733180465e-05,-0.129932715039098,0.0023091649828979187
186,-0.1279323513366067,9.248127033942123e-05,-0.12793235133660666,0.0023746407734362624
187,-0.1259319876341153,9.523999443553553e-05,-0.12593198763411534,0.0024431093294527686
188,-0.12393162393162394,9.813148222035734e-05,-0.12393162393162396,0.0025147579220852114
189,-0.12193126022913257,0.00010116448334989706,-0.1219312602291326,0.002589788692186216
190,-0.11993089652664125,0.00010434848171813494,-0.11993089652664123,0.0026684200831115115
191,-0.11793053282414988,0.00010769377066621792,-0.11793053282414985,0.0027508884361157684
192,-0.1159301691216585,0.00011121153733348729,-0.11593016912165849,0.0028374497696256056
193,-0.11392980541916714,0.00011491395744234275,-0.11392980541916711,0.0029283817668128626
194,-0.11192944171667576,0.0001188143020179943,-0.1119294417166758,0.0030239859995673858
195,-0.10992907801418444,0.00012292705779145914,-0.10992907801418443,0.0031245904212635484
196,-0.10792871431169307,0.00012726806332756708,-0.10792871431169307,0.003230552165743145
197,-0.10592835060920171,0.00013185466326886855,-0.1059283506092017,0.0033422606958381645
198,-0.10392798690671033,0.00013670588350306938,-0.10392798690671032,0.0034601413516966426
199,-0.10192762320421897,0.00014184263056060326,-0.10192762320421896,0.0035846593573557713
200,-0.0999272595017276,0.00014728791914842975,-0.09992725950172758,0.0037163243536732183
201,-0.09792689579923627,0.00015306713244880074,-0.09792689579923622,0.003855695537177574
202,-0.0959265320967449,0.00015920832068600486,-0.0959265320967449,0.0040033874979943625
203,-0.09392616839425354,0.00016574254452567336,-0.09392616839425354,0.004160076866187298
204,-0.09192580469176216,0.00017270427116523272,-0.09192580469176216,0.004326509895166604
205,-0.08992544098927079,0.00018013183255768017,-0.08992544098927079,0.004503511133921737
206,-0.08792507728677942,0.0001880679571569593,-0.08792507728677942,0.004691993367550668
207,-0.0859247135842881,0.0001965603889751593,-0.08592471358428805,0.0048929690388891086
208,-0.08392434988179673,0.0002056626107197777,-0.08392434988179669,0.005107563404233168
209,-0.08192398617930535,0.00021543469148896195,-0.08192398617930537,0.005337029724736676
210,-0.07992362247681399,0.00022594428414658688,-0.079923622476814,0.005582766853956921
211,-0.07792325877432262,0.0002372678033425318,-0.07792325877432263,0.005846339653588415
212,-0.07592289507183125,0.0002494918225362292,-0.07592289507183127,0.00612950275660878
213,-0.07392253136933992,0.0002627147377871984,-0.07392253136933989,0.0064342283035277725
214,-0.0719221676668485,0.0002770487581141108,-0.07192216766684852,0.006762738407741162
215,-0.06992180396435714,0.00029262229772685866,-0.06992180396435715,0.007117543265818417
216,-0.06792144026186586,0.00030958286553277195,-0.06792144026186583,0.00750148602494229
217,-0.0659210765593745,0.0003281005735500177,-0.06592107655937447,0.007917795761392727
218,-0.06392071285688312,0.00034837242035131984,-0.0639207128568831,0.008370150221673263
219,-0.061920349154391756,0.0003706275513588841,-0.06192034915439173,0.008862750344751877
220,-0.05991998545190038,0.0003951337588524646,-0.05991998545190036,0.009400409035793115
221,-0.05791962174940901,0.0004222055667930494,-0.05791962174940899,0.009988657217502948
222,-0.05591925804691764,0.00045221435738315935,-0.05591925804691762,0.010633870866442657
223,-0.053918894344426274,0.0004856011498011787,-0.053918894344426246,0.011343423572124181
224,-0.051918530641934905,0.0005228928544995784,-0.05191853064193494,0.012125870160117595
225,-0.04991816693944353,0.0005647231251310199,-0.04991816693944357,0.012991168116015384
226,-0.04791780323695216,0.0006118593540350961,-0.047917803236952196,0.013950944940649938
227,-0.04591743953446089,0.0006652379664059203,-0.04591743953446083,0.015018821133710709
228,-0.043917075831969514,0.0007260110557511317,-0.04391707583196946,0.016210800156461824
229,-0.041916712129478145,0.0007956087152211335,-0.04191671212947809,0.017545738260576985
230,-0.03991634842698678,0.0008758233897119444,-0.03991634842698672,0.019045908068355242
231,-0.03791598472449541,0.0009689255837167163,-0.03791598472449541,0.020737669438865285
232,-0.03591562102200404,0.0010778249446173488,-0.03591562102200404,0.0226522579547486
233,-0.033915257319512664,0.001206298181311579,-0.033915257319512664,0.024826692616989603
234,-0.031914893617021295,0.00135931735924896,-0.031914893617021295,0.027304785293518777
235,-0.029914529914529926,0.0015435322132514796,-0.029914529914529926,0.030138196961230955
236,-0.027914166212038558,0.0017679944713861872,-0.027914166212038558,0.03338741608924456
237,-0.025913802509547185,0.0020452726622615914,-0.025913802509547185,0.037122410355861696
238,-0.023913438807055817,0.0023932159344304143,-0.023913438807055876,0.04142248991996897
239,-0.02191307510456454,0.0028378332226355234,-0.021913075104564507,0.046374570252909704
240,-0.01991271140207317,0.003418163053233157,-0.019912711402073135,0.052068478532464865
241,-0.0179123476995818,0.004194852433073999,-0.017912347699581766,0.058587175552267536
242,-0.015911983997090432,0.005265994908684356,-0.015911983997090394,0.06598884338537653
243,-0.01391162029459906,0.006797995900705641,-0.013911620294599025,0.0742771181396448
244,-0.011911256592107691,0.009089583532897547,-0.011911256592107655,0.08335642675622754
245,-0.00991089288961632,0.012714154291593387,-0.009910892889616284,0.09297362739454446
246,-0.00791052918712495,0.018859745750220494,-0.007910529187124975,0.10265796524747765
247,-0.005910165484633581,0.030177727324268155,-0.005910165484633604,0.1116896659786612
248,-0.0039098017821422104,0.05262566295355693,-0.003909801782142234,0.11914503650549343
249,-0.0019094380796508402,0.09412854035768581,-0.001909438079650864,0.12405898074490232
250,9.092562284052974e-05,0.1249188101687904,9.092562284050606e-05,0.12568840739194398
251,0.002091289325331805,0.08970667814128068,0.002091289325331876,0.12376880215797766
252,0.004091653027823175,0.0498773694120305,0.004091653027823246,0.11861566598151066
253,0.006092016730314545,0.028812935797929595,0.006092016730314557,0.11100413539552723
254,0.008092380432805916,0.018144360773527914,0.008092380432805928,0.10190546828505707
255,0.010092744135297286,0.012306025358070965,0.010092744135297297,0.0922296904032658
256,0.012093107837788655,0.00883880817929815,0.012093107837788667,0.08267433315808967
257,0.014093471540280025,0.006634449450829425,0.014093471540280037,0.07368839302202758
258,0.016093835242771394,0.0051541961922913545,0.016093835242771408,0.06550813848741563
259,0.018094198945262766,0.004115531733168821,0.018094198945262777,0.05821793907565068
260,0.020094562647754135,0.0033602041215016216,0.02009456264775409,0.05180765562745588
261,0.022094926350245507,0.0027944888646920874,0.02209492635024546,0.04621589754884912
262,0.024095290052736782,0.002360211067704465,0.024095290052736827,0.041358559826850945
263,0.02609565375522815,0.0020197977080736143,0.0260956537552282,0.0371458477293096
264,0.028096017457719523,0.0017481441383782128,0.028096017457719568,0.0334914811556763
265,0.03009638116021089,0.0015279788876608653,0.03009638116021094,0.030317045323227237
266,0.03209674486270226,0.0013471137859117264,0.03209674486270231,0.027553536843505366
267,0.03409710856519363,0.001196754280362372,0.03409710856519368,0.025141402424887015
268,0.036097472267685005,0.0010704286519269387,0.036097472267685046,0.023029843198145446
269,0.03809783597017637,0.0009632906577322197,0.03809783597017642,0.021175822248582395
270,0.04009819967266774,0.0008716541996654292,0.04009819967266779,0.019543009836072857
271,0.04209856337515911,0.0007926759912974083,0.04209856337515904,0.01810078279647151
272,0.04409892707765048,0.0007241348752744875,0.04409892707765041,0.016823328621708135
273,0.046099290780141855,0.0006642756140184977,0.04609929078014178,0.015688869356115742
274,0.04809965448263313,0.0006116965257003176,0.048099654482633154,0.014679002618259293
275,0.050100018185124495,0.0005652674649428978,0.05010001818512452,0.013778148976419493
276,0.05210038188761587,0.0005240691441336346,0.05210038188761589,0.012973092059234678
277,0.05410074559010724,0.0004873476853882096,0.05410074559010726,0.01225259761027795
278,0.05610110929259861,0.00045448019071841507,0.05610110929259863,0.011607098776408722
279,0.05810147299508998,0.0004249483833203154,0.058101472995090005,0.011028436489433855
280,0.060101836697581346,0.00039831823004125356,0.06010183669758137,0.010509645463936375
281,0.06210220040007272,0.0003742240441908403,0.06210220040007274,0.010044777901454154
282,0.06410256410256408,0.0003523559782439749,0.06410256410256411,0.009628758384127887
283,0.06610292780505546,0.00033245010547516894,0.06610292780505549,0.009257264639227289
284,0.06810329150754683,0.00031428049618176154,0.06810329150754685,0.008926629867988629
285,0.0701036552100382,0.00029765284324787797,0.07010365521003822,0.008633763178959367
286,0.07210401891252947,0.00028239930049702507,0.07210401891252947,0.008376085372764385
287,0.07410438261502085,0.00026837427729341803,0.07410438261502085,0.008151477917148583
288,0.07610474631751221,0.0002554509922870137,0.07610474631751221,0.007958243451785673
289,0.07810511002000359,0.00024351863372618172,0.07810511002000359,0.007795076592753802
290,0.08010547372249495,0.00023248000739403663,0.08010547372249495,0.007661044185488863
291,0.08210583742498632,0.00022224957882109253,0.08210583742498632,0.0075555744991174095
292,0.0841062011274777,0.00021275183604948367,0.0841062011274777,0.007478455179397458
293,0.08610656482996906,0.00020391991437043912,0.08610656482996906,0.007429840095848838
294,0.08810692853246044,0.00019569443622454314,0.08810692853246044,0.007410265543772397
295,0.0901072922349518,0.00018802252865406452,0.0901072922349518,0.007420676605313696
296,0.09210765593744318,0.00018085698793132284,0.09210765593744318,0.007462464845258376
297,0.09410801963993445,0.00017415556670852145,0.09410801963993455,0.007537518923079415
298,0.09610838334242582,0.0001678803635835982,0.09610838334242591,0.00764829014217634
299,0.09810874704491719,0.00016199729861225137,0.09810874704491729,0.007797875416081297
300,0.10010911074740857,0.00015647566121610592,0.10010911074740854,0.00799012057012468
301,0.10210947444989993,0.0001512877192930015,0.1021094744498999,0.008229747229503502
302,0.1041098381523913,0.00014640838024500852,0.10410983815239128,0.0085225066007464
303,0.10611020185488267,0.00014181489619431107,0.10611020185488265,0.008875362914313522
304,0.10811056555737404,0.00013748660692780432,0.10811056555737401,0.009296707583044883
305,0.11011092925986542,0.0001334047151541048,0.11011092925986539,0.009796601220386026
306,0.11211129296235678,0.0001295520895158023,0.11211129296235675,0.010387032780130145
307,0.11411165666484815,0.0001259130915101698,0.11411165666484813,0.011082170225676688
308,0.11611202036733952,0.00012247342306102532,0.1161120203673395,0.011898550390268752
309,0.1181123840698308,0.00011921999197526677,0.11811238406983086,0.012855109337927082
310,0.12011274777232217,0.00011614079292762404,0.12011274777232224,0.013972877381395918
311,0.12211311147481353,0.00011322480196079713,0.1221131114748136,0.015274040979013177
312,0.12411347517730491,0.00011046188277699511,0.12411347517730498,0.016779895623663166
313,0.12611383887979627,0.00010784270334042941,0.12611383887979635,0.01850698817100262
314,0.12811420258228765,0.000105358661516225,0.12811420258228773,0.020460545336969303
315,0.13011456628477902,0.00010300181864580196,0.13011456628477897,0.022624325011731596
316,0.1321149299872704,0.00010076484010720491,0.13211492998727034,0.02494678235788111
317,0.13411529368976174,9.864094203536712e-05,0.13411529368976172,0.02732564625010436
318,0.13611565739225312,9.662384348539922e-05,0.1361156573922531,0.029597151325207544
319,0.1381160210947445,9.470772341459087e-05,0.13811602109474444,0.03154102204863542
320,0.14011638479723576,9.288718193832021e-05,0.14011638479723582,0.032912930290805414
321,0.14211674849972714,9.11572053834858e-05,0.1421167484997272,0.033505388223440465
322,0.1441171122022185,8.951313472209148e-05,0.14411711220221857,0.03321600726773962
323,0.1461174759047099,8.795063701862025e-05,0.14611747590470994,0.03208607163568987
324,0.14811783960720126,8.646567956901912e-05,0.1481178396072013,0.03028456155579239
325,0.1501182033096926,8.50545064474653e-05,0.15011820330969267,0.028048212643577982
326,0.152118567012184,8.371361721043569e-05,0.15211856701218404,0.025613440337934425
327,0.15411893071467536,8.243974753666416e-05,0.15411893071467542,0.02317045552366809
328,0.15611929441716674,8.122985160694319e-05,0.1561192944171668,0.020847434377432274
329,0.1581196581196581,8.008108604991784e-05,0.15811965811965814,0.018715996216448136
330,0.16012002182214946,7.899079529946439e-05,0.1601200218221494,0.01680566692397032
331,0.16212038552464084,7.795649822631377e-05,0.16212038552464078,0.015118862271874957
332,0.16412074922713213,7.697587592158654e-05,0.16412074922713213,0.013642716270900893
333,0.16612111292962348,7.604676052312475e-05,0.1661211129296235,0.012357125500336616
334,0.16812147663211485,7.516712498716617e-05,0.16812147663211488,0.011239670308743814
335,0.17012184033460623,7.433507371821092e-05,0.17012184033460626,0.010268349297790715
336,0.1721222040370976,7.354883397905045e-05,0.17212220403709763,0.009422927756017656
337,0.17412256773958898,7.28067480110147e-05,0.17412256773958898,0.008685470513028724
338,0.17612293144208033,7.210726580167005e-05,0.17612293144208035,0.008040427451894334
339,0.1781232951445717,7.144893844358585e-05,0.17812329514457173,0.007474494309990809
340,0.18012365884706308,7.083041203347136e-05,0.1801236588470631,0.006976376486396188
341,0.18212402254955445,7.025042206605772e-05,0.18212402254955448,0.006536525368103278
342,0.18412438625204583,6.970778828163005e-05,0.18412438625204583,0.006146882526065724
343,0.18612474995453718,6.920140993016981e-05,0.1861247499545372,0.005800647829870442
344,0.18812511365702847,6.8730261418702e-05,0.18812511365702847,0.005492077058381592
345,0.19012547735951985,6.82933883117038e-05,0.19012547735951985,0.005216309203270767
346,0.1921258410620112,6.788990365736724e-05,0.1921258410620112,0.004969221134725709
347,0.19412620476450257,6.751898461514919e-05,0.19412620476450257,0.004747306318529133
348,0.19612656846699394,6.717986936243133e-05,0.19612656846699394,0.004547574096299543
349,0.19812693216948532,6.6871854260267e-05,0.19812693216948532,0.0043674662502140365
350,0.2001272958719767,6.659429126015053e-05,0.2001272958719767,0.0042047879440098145
351,0.20212765957446804,6.63465855355177e-05,0.20212765957446804,0.00405765054521846
352,0.20412802327695942,6.612819332330577e-05,0.20412802327695942,0.0039244242312258355
353,0.2061283869794508,6.59386199623752e-05,0.2061283869794508,0.0038036986384256265
354,0.20812875068194217,6.577741811694853e-05,0.20812875068194217,0.003694250121289025
355,0.21012911438443344,6.564418617446186e-05,0.21012911438443355,0.003595014447105428
356,0.2121294780869248,6.553856680836879e-05,0.2121294780869249,0.003505063966889152
357,0.2141298417894162,6.546024569749497e-05,0.21412984178941627,0.0034235884793397666
358,0.21613020549190756,6.540895039452414e-05,0.21613020549190765,0.003349879148772822
359,0.2181305691943989,6.538444933711581e-05,0.2181305691943989,0.0032833149551268967
360,0.22013093289689029,6.538655099601478e-05,0.22013093289689026,0.0032233512493327907
361,0.22213129659938166,6.541510315532656e-05,0.22213129659938163,0.003169510064593391
362,0.22413166030187304,6.546999232090499e-05,0.224131660301873,0.003121371896865316
363,0.2261320240043644,6.555114325353635e-05,0.22613202400436438,0.003078568718841225
364,0.22813238770685576,6.56585186243151e-05,0.22813238770685576,0.0030407780332674956
365,0.23013275140934714,6.579211879029739e-05,0.2301327514093471,0.0030077178053262424
366,0.2321331151118385,6.595198168919286e-05,0.23213311511183848,0.0029791421415378628
367,0.23413347881432978,6.613818285252221e-05,0.23413347881432986,0.0029548376053871975
368,0.23613384251682115,6.635083553733127e-05,0.23613384251682124,0.0029346200785972023
369,0.23813420621931253,6.659009097721831e-05,0.2381342062193126,0.0029183320924367462
370,0.2401345699218039,6.685613875410602e-05,0.24013456992180396,0.0029058405662722997
371,0.24213493362429528,6.714920729287978e-05,0.24213493362429533,0.002897034901256476
372,0.24413529732678663,6.746956448172288e-05,0.2441352973267867,0.0028918253859937537
373,0.246135661029278,6.781751842171934e-05,0.24613566102927809,0.0028901418785638134
374,0.24813602473176938,6.819341831006583e-05,0.24813602473176932,0.00289193273568349
375,0.2501363884342607,6.859765546205016e-05,0.2501363884342607,0.0028971639652693617
376,0.25213675213675213,6.903066447781737e-05,0.2521367521367521,0.0029058185834058784
377,0.2541371158392435,6.9492924560869e-05,0.2541371158392434,0.002917896160880075
378,0.2561374795417349,6.998496099623261e-05,0.2561374795417348,0.0029334125481408416
379,0.2581378432442261,7.050734679731009e-05,0.2581378432442262,0.0029523997708875956
380,0.2601382069467175,7.106070453157562e-05,0.2601382069467176,0.00297490609158488
381,0.26213857064920887,7.164570833656041e-05,0.2621385706492089,0.003000996235120706
382,0.2641389343517002,7.226308613894713e-05,0.26413893435170027,0.0030307517796545882
383,0.2661392980541916,7.291362209111801e-05,0.2661392980541917,0.0030642717165093934
384,0.26813966175668297,7.359815924117608e-05,0.268139661756683,0.003101673185820354
385,0.27014002545917437,7.431760245431072e-05,0.2701400254591744,0.0031430923976370055
386,0.2721403891616657,7.507292160543052e-05,0.2721403891616658,0.003188685751354287
387,0.27414075286415707,7.586515506526508e-05,0.2741407528641571,0.003238631169808384
388,0.27614111656664847,7.669541350467623e-05,0.2761411165666484,0.0032931296682005237
389,0.2781414802691398,7.756488404475368e-05,0.27814148026913976,0.003352407182308615
390,0.2801418439716311,7.847483478343973e-05,0.2801418439716311,0.003416716685328765
391,0.28214220767412246,7.942661973298462e-05,0.2821422076741225,0.0034863406282920465
392,0.28414257137661386,8.042168420652794e-05,0.28414257137661386,0.00356159374548686
393,0.2861429350791052,8.146157069660213e-05,0.28614293507910527,0.003642826273875168
394,0.2881432987815966,8.254792529342843e-05,0.2881432987815966,0.003730427644351693
395,0.29014366248408796,8.368250469661567e-05,0.29014366248408796,0.0038248307131362757
396,0.2921440261865793,8.486718388037262e-05,0.29214402618657936,0.003926516613948168
397,0.2941443898890707,8.610396447972646e-05,0.2941443898890707,0.004036020326297895
398,0.29614475359156206,8.739498397363191e-05,0.2961447535915621,0.004153937072749898
399,0.29814511729405346,8.874252575042666e-05,0.29814511729405346,0.0042809296789746215
400,0.3001454809965448,9.014903015201474e-05,0.3001454809965448,0.004417737055580953
401,0.30214584469903616,9.16171066056707e-05,0.3021458446990362,0.004565183991035918
402,0.30414620840152745,9.314954696670462e-05,0.30414620840152756,0.004724192481597082
403,0.3061465721040188,9.474934021172526e-05,0.3061465721040188,0.004895794868539979
404,0.3081469358065102,9.641968864124418e-05,0.3081469358065102,0.005081149106840979
405,0.31014729950900155,9.81640257723161e-05,0.31014729950900155,0.005281556555090889
406,0.31214766321149295,9.998603612732112e-05,0.31214766321149295,0.005498482756524114
407,0.3141480269139843,0.00010188967715448433,0.3141480269139843,0.0057335817790820165
408,0.31614839061647565,0.00010387920355003712,0.31614839061647565,0.005988724802655882
409,0.31814875431896705,0.00010595919429194192,0.31814875431896705,0.006266033789372984
410,0.3201491180214584,0.00010813458274190519,0.3201491180214584,0.006567921254559486
411,0.3221494817239498,0.00011041069022729253,0.3221494817239498,0.006897137379917849
412,0.32414984542644115,0.00011279326357911473,0.32414984542644115,0.007256825986371018
413,0.3261502091289325,0.00011528851717840226,0.3261502091289325,0.007650591223876634
414,0.3281505728314238,0.00011790318015337988,0.3281505728314239,0.00808257725343662
415,0.3301509365339152,0.00012064454947678695,0.33015093653391525,0.008557563708783873
416,0.33215130023640654,0.00012352054984001812,0.33215130023640665,0.009081080349629915
417,0.3341516639388979,0.00012653980133289373,0.3341516639388979,0.009659545072693928
418,0.3361520276413893,0.00012971169614026606,0.33615202764138924,0.01030043034535325
419,0.33815239134388064,0.0001330464856861527,0.33815239134388064,0.011012464173768985
420,0.34015275504637205,0.00013655537992119095,0.340152755046372,0.011805872893781669
421,0.3421531187488634,0.00014025066077066382,0.3421531187488634,0.012692674313132783
422,0.34415348245135474,0.00014414581215172628,0.34415348245135474,0.013687030883101069
423,0.34615384615384615,0.00014825566944698425,0.3461538461538461,0.014805673318060196
424,0.3481542098563375,0.0001525965919092335,0.3481542098563375,0.016068404799669662
425,0.3501545735588288,0.00015718666219715098,0.35015457355882884,0.017498693464658332
426,0.35215493726132013,0.00016204591814043132,0.35215493726132024,0.019124354242661155
427,0.35415530096381154,0.0001671966229524523,0.3541553009638116,0.02097830669825564
428,0.356155664666303,0.00017266358151064095,0.35615566466630294,0.023099367169396604
429,0.35815602836879423,0.00017847451209012833,0.35815602836879434,0.02553298082607822
430,0.36015639207128575,0.00018466048517192234,0.3601563920712857,0.028331705490719734
431,0.362156755773777,0.00019125644379484912,0.3621567557737771,0.031555098270148595
432,0.3641571194762683,0.00019830182357153623,0.36415711947626833,0.0352683918008538
433,0.36615748317875974,0.00020584129519990555,0.3661574831787597,0.03953893680423768
434,0.368157846881251,0.00021392565842319686,0.3681578468812511,0.04442880651113698
435,0.3701582105837425,0.00022261292440368857,0.37015821058374243,0.04998126697581185
436,0.3721585742862338,0.0002319696340427356,0.3721585742862338,0.056198320361938434
437,0.37415893798872524,0.00024207247383100644,0.3741589379887252,0.0630070596634265
438,0.3761593016912165,0.000253010269657,0.37615930169121653,0.07021580225987926
439,0.37815966539370793,0.00026488646450468985,0.37815966539370793,0.0774691539943266
440,0.3801600290961992,0.00027782222081900517,0.3801600290961993,0.08422494193639105
441,0.3821603927986907,0.00029196033642559963,0.38216039279869063,0.08978901664372242
442,0.384160756501182,0.00030747023003234084,0.38416075650118203,0.0934383184032096
443,0.38616112020367327,0.0003245543471419977,0.3861611202036734,0.09461901601900849
444,0.38816148390616473,0.00034345647274152216,0.3881614839061648,0.09313812535730767
445,0.39016184760865597,0.00036447263351058434,0.39016184760865613,0.08923755557625845
446,0.3921622113111475,0.00038796556093577715,0.3921622113111475,0.0835018711812639
447,0.3941625750136387,0.00041438411759463255,0.39416257501363877,0.0766600051972616
448,0.3961629387161302,0.00044428974292614026,0.3961629387161301,0.06939293371601395
449,0.39816330241862147,0.0004783929858061615,0.39816330241862147,0.06222141732416035
450,0.4001636661211129,0.0005176047851690307,0.40016366612111287,0.05547990084421426
451,0.4021640298236042,0.0005631097276401638,0.4021640298236042,0.04934380733532818
452,0.4041643935260957,0.000616472746564435,0.4041643935260956,0.04387522796175694
453,0.40616475722858697,0.0006797978972497357,0.40616475722858697,0.039065857272101864
454,0.4081651209310782,0.0007559703367992328,0.4081651209310783,0.034869287723976974
455,0.41016548463356967,0.0008490351116339623,0.4101654846335697,0.031222284312781585
456,0.41216584833606096,0.0009648082512127347,0.41216584833606107,0.02805746117373888
457,0.4141662120385524,0.0011118969403634995,0.4141662120385525,0.02531012553428572
458,0.4161665757410437,0.0013034704273882306,0.4161665757410438,0.022921505201856582
459,0.41816693944353517,0.001560475103957861,0.41816693944353517,0.020839888147162554
460,0.42016730314602646,0.0019177812125767601,0.42016730314602657,0.019020641032662867
461,0.4221676668485179,0.002436655548333682,0.4221676668485178,0.017425682414487397
462,0.4241680305510092,0.003231840456532831,0.4241680305510092,0.01602273631389105
463,0.42616839425350067,0.00453475356430203,0.42616839425350056,0.014784540541292013
464,0.4281687579559919,0.006850081105483184,0.4281687579559919,0.013688096295859887
465,0.43016912165848337,0.011329343488854731,0.4301691216584833,0.012713996442700314
466,0.43216948536097466,0.02010198929038622,0.43216948536097466,0.011845843566591971
467,0.43416984906346595,0.030912474093224996,0.43416984906346606,0.01106975565062983
468,0.4361702127659574,0.027010308059680428,0.4361702127659574,0.010373951231300475
469,0.4381705764684487,0.01583804470211332,0.43817057646844876,0.009748403777763629
470,0.44017094017094016,0.009259496809205044,0.44017094017094016,0.009184554925989229
471,0.4421713038734314,0.0060000433812146805,0.4421713038734315,0.008675077010780742
472,0.4441716675759229,0.0043034142402336144,0.4441716675759229,0.008213676511161111
473,0.44617203127841415,0.0033615337923766034,0.44617203127841426,0.007794931263179189
474,0.4481723949809056,0.0028185786661923005,0.4481723949809056,0.007414155457780286
475,0.4501727586833969,0.0025080515553635705,0.450172758683397,0.007067287471520504
476,0.45217312238588836,0.002347268180233364,0.45217312238588825,0.006750796459260015
477,0.45417348608837965,0.0022941481539079872,0.4541734860883796,0.0064616043763621595
478,0.45617384979087094,0.0023285637494858983,0.456173849790871,0.006197020708368727
479,0.4581742134933624,0.0024441631038517836,0.45817421349336235,0.005954687686538417
480,0.46017457719585364,0.0026452899122716643,0.46017457719585375,0.005732534175713825
481,0.4621749408983451,0.0029470588849321946,0.4621749408983451,0.005528736752754161
482,0.4641753046008364,0.003378333226693147,0.46417530460083645,0.005341686763112976
483,0.46617566830332785,0.003988714972321066,0.46617566830332785,0.005169962361729015
484,0.46817603200581914,0.004862698873290634,0.4681760320058192,0.005012304721889229
485,0.4701763957083106,0.006148460298379107,0.4701763957083106,0.004867597740006772
486,0.4721767594108019,0.008119330050591464,0.47217675941080195,0.004734850681736126
487,0.47417712311329335,0.011314072964274864,0.4741771231132933,0.004613183310691042
488,0.47617748681578465,0.016878962020469717,0.4761774868157847,0.004501813119400978
489,0.4781778505182759,0.027415468820186025,0.47817785051827605,0.004400044346384792
490,0.48017821422076734,0.048465058680035665,0.48017821422076745,0.004307258516025945
491,0.48217857792325863,0.08259551731158986,0.4821785779232587,0.004222906281464427
492,0.4841789416257501,0.09001007666595041,0.48417894162575004,0.004146500386717736
493,0.4861793053282414,0.05664785732898419,0.48617930532824144,0.004077609594110142
494,0.48817966903073284,0.031740638342529,0.4881796690307328,0.004015853447959695
495,0.49018003273322414,0.019179161280293355,0.49018003273322414,0.00396089776626483
496,0.4921803964357156,0.012710721995232101,0.49218039643571554,0.003912450769592031
497,0.49418076013820683,0.009106175865570871,0.4941807601382069,0.0038702597711014687
498,0.49618112384069835,0.006952234437208356,0.4961811238406983,0.0038341083641556806
499,0.4981814875431896,0.00559902522561509,0.49818148754318964,0.003803814054646893
500,0.500181851245681,0.004724810008045055,0.500181851245681,0.003779226294389538
501,0.5021822149481724,0.00415998887441435,0.5021822149481724,0.0037602248799384493
502,0.5041825786506636,0.003811637179121785,0.5041825786506637,0.0037467186882474595
503,0.5061829423531551,0.0036291278133980492,0.5061829423531551,0.0037386447268798286
504,0.5081833060556463,0.003588004090410314,0.5081833060556465,0.0037359674821962883
505,0.5101836697581378,0.0036829569956197453,0.5101836697581378,0.0037386785542323163
506,0.5121840334606291,0.00392637287304785,0.5121840334606291,0.0037467965719727996
507,0.5141843971631206,0.0043517626645891705,0.5141843971631205,0.003760367387568476
508,0.5161847608656118,0.005023723593895256,0.5161847608656118,0.003779464552837603
509,0.5181851245681033,0.006059655335013707,0.5181851245681032,0.0038041900862806092
510,0.5201854882705945,0.007676292358254315,0.5201854882705946,0.003834675543929789
511,0.5221858519730861,0.01029410968369975,0.522185851973086,0.0038710834127928975
512,0.5241862156755773,0.014787106678291657,0.5241862156755773,0.003913608851573179
513,0.5261865793780686,0.023106840395352133,0.5261865793780687,0.003962481809920316
514,0.52818694308056,0.03964975532588885,0.52818694308056,0.004017969564872037
515,0.5301873067830514,0.07045584211142833,0.5301873067830515,0.004080379721599545
516,0.5321876704855428,0.09435527578953624,0.5321876704855428,0.004150063735325444
517,0.5341880341880341,0.06865506935810459,0.5341880341880342,0.004227421022643221
518,0.5361883978905255,0.038460186035161624,0.5361883978905255,0.00431290374379689
519,0.5381887615930168,0.0224109769729037,0.5381887615930169,0.004407022353219811
520,0.5401891252955082,0.014291384347683062,0.5401891252955082,0.004510352034320564
521,0.5421894889979996,0.009858797803213429,0.5421894889979996,0.004623540156799989
522,0.544189852700491,0.007236183298795188,0.5441898527004909,0.004747314921495405
523,0.5461902164029823,0.005579225687478977,0.5461902164029823,0.004882495389873699
524,0.5481905801054736,0.004478788074421504,0.5481905801054736,0.005030003134066063
525,0.5501909438079651,0.003721481820272673,0.5501909438079651,0.005190875790281479
526,0.5521913075104563,0.0031890580393355095,0.5521913075104564,0.005366282855448599
527,0.5541916712129478,0.0028131024533950173,0.5541916712129478,0.005557544136372483
528,0.556192034915439,0.0025533444305481934,0.5561920349154391,0.005766151345484229
529,0.5581923986179305,0.002386888599679962,0.5581923986179305,0.005993793441054029
530,0.5601927623204218,0.0023030350363415562,0.5601927623204219,0.0062423864370643595
531,0.5621931260229133,0.002301494360645392,0.5621931260229133,0.006514108564424513
532,0.5641934897254045,0.002393445881724114,0.5641934897254046,0.006811441857805243
533,0.566193853427896,0.002606258744618599,0.566193853427896,0.007137221479634118
534,0.5681942171303873,0.0029948368021331527,0.5681942171303873,0.007494694385138763
535,0.5701945808328788,0.0036674229883538003,0.5701945808328788,0.007887589292284447
536,0.57219494453537,0.004846560998489395,0.5721949445353701,0.00832020036277025
537,0.5741953082378612,0.007020582082868243,0.5741953082378615,0.008797487541705434
538,0.5761956719403527,0.011307506203472248,0.5761956719403528,0.009325197162205348
539,0.578196035642844,0.019819040526251934,0.5781960356428442,0.009910007214213128
540,0.5801963993453355,0.0307148931706938,0.5801963993453356,0.010559702616765747
541,0.5821967630478267,0.027339164268455465,0.582196763047827,0.011283386919048283
542,0.5841971267503182,0.016010643251196905,0.5841971267503181,0.012091738059034593
543,0.5861974904528094,0.009190334785862432,0.5861974904528094,0.012997317044419079
544,0.588197854155301,0.005763957416990468,0.5881978541553008,0.014014939498421293
545,0.5901982178577923,0.0039357017331382435,0.5901982178577921,0.015162120549341794
546,0.5921985815602837,0.002871869479644734,0.5921985815602836,0.01645960280842809
547,0.594198945262775,0.0022041412351411433,0.594198945262775,0.017931973839113616
548,0.5961993089652663,0.0017584667696715918,0.5961993089652663,0.019608371184108467
549,0.5981996726677578,0.0014459030907298248,0.5981996726677576,0.021523255510723545
550,0.600200036370249,0.0012176918744819562,0.600200036370249,0.0237171986205758
551,0.6022004000727404,0.001045456794140395,0.6022004000727404,0.026237571061728675
552,0.6042007637752317,0.0009118287171667734,0.6042007637752318,0.02913890482021235
553,0.6062011274777231,0.0008057117002122135,0.6062011274777231,0.03248252126388479
554,0.6082014911802145,0.0007197537967907353,0.6082014911802145,0.03633471414327348
555,0.610201854882706,0.0006489281225704931,0.6102018548827058,0.04076232077631314
556,0.6122022185851972,0.0005897022885389089,0.6122022185851973,0.04582389034670393
557,0.6142025822876886,0.000539533888348918,0.6142025822876886,0.05155397374865526
558,0.61620294599018,0.0004965539097042684,0.61620294599018,0.0579377321537546
559,0.6182033096926712,0.00045936227630162725,0.6182033096926713,0.0648741322284343
560,0.6202036733951627,0.0004268923853032478,0.6202036733951627,0.07213037158113908
561,0.6222040370976539,0.00039831928000004296,0.6222040370976542,0.07930001853074833
562,0.6242044008001454,0.0003729961069269967,0.6242044008001455,0.08579203067459074
563,0.6262047645026367,0.0003504093188170127,0.6262047645026368,0.09088797281060061
564,0.6282051282051282,0.00033014655419528723,0.6282051282051282,0.09388996490773627
565,0.6302054919076194,0.0003118732479327189,0.6302054919076195,0.0943278215052275
566,0.6322058556101109,0.00029531535677585353,0.632205855610111,0.09212839753256163
567,0.6342062193126022,0.00028024643401878315,0.6342062193126023,0.08764390412493929
568,0.6362065830150937,0.00026647784150560835,0.6362065830150937,0.08152037029444756
569,0.6382069467175849,0.0002538512545971942,0.638206946717585,0.07449005511534698
570,0.6402073104200764,0.00024223286342175442,0.6402073104200764,0.0671968449067247
571,0.6422076741225676,0.00023150884321478552,0.6422076741225676,0.06010963003456587
572,0.644208037825059,0.00022158178415825343,0.644208037825059,0.053514856978673586
573,0.6462084015275504,0.00021236785380027197,0.6462084015275503,0.0475519229502977
574,0.6482087652300417,0.00020379452395996814,0.6482087652300417,0.042259563711301455
575,0.6502091289325331,0.00019579873635467066,0.650209128932533,0.03761620965330287
576,0.6522094926350245,0.0001883254119769738,0.6522094926350245,0.03356908815323844
577,0.6542098563375159,0.00018132623186943082,0.6542098563375158,0.03005283766034415
578,0.6562102200400072,0.00017475863371980052,0.6562102200400072,0.027000312270486774
579,0.6582105837424986,0.0001685849812509963,0.6582105837424985,0.024348235156832515
580,0.6602109474449899,0.0001627718728499428,0.6602109474449899,0.022039723448807252
581,0.6622113111474813,0.00015728956308159222,0.6622113111474813,0.02002504105937477
582,0.6642116748499727,0.00015211147625302413,0.6642116748499727,0.018261421835506202
583,0.6662120385524639,0.00014721379545146605,0.666212038552464,0.016712457409271863
584,0.6682124022549554,0.00014257511378927497,0.6682124022549554,0.015347325466170594
585,0.6702127659574466,0.00013817613717673693,0.6702127659574467,0.014140003435040571
586,0.6722131296599382,0.000133999429979764,0.6722131296599382,0.013068537494679015
587,0.6742134933624294,0.00013002919653118966,0.6742134933624295,0.012114395258487776
588,0.6762138570649209,0.00012625109274703422,0.6762138570649209,0.011261908574478183
589,0.6782142207674121,0.00012265206312552798,0.6782142207674122,0.01049780208455752
590,0.6802145844699036,0.00011922019923217095,0.6802145844699036,0.00981079852558078
591,0.6822149481723949,0.00011594461644134442,0.682214948172395,0.009191290345581634
592,0.6842153118748864,0.00011281534624678055,0.6842153118748864,0.00863106742809851
593,0.6862156755773776,0.00010982324189518073,0.6862156755773777,0.008123091671597377
594,0.6882160392798689,0.00010695989545933722,0.6882160392798691,0.007661310382873799
595,0.6902164029823603,0.00010421756476500239,0.6902164029823604,0.00724050167078399
596,0.6922167666848517,0.00010158910883177456,0.6922167666848519,0.006856146156816617
597,0.6942171303873431,9.906793069226759e-05,0.6942171303873432,0.006504320308358301
598,0.6962174940898344,9.664792662361479e-05,0.6962174940898346,0.006181607541202752
599,0.6982178577923258,9.432344096713852e-05,0.6982178577923259,0.005885023939156818
600,0.7002182214948172,9.208922583086798e-05,0.700218221494817,0.0056119560167852914
601,0.7022185851973086,8.994040506949908e-05,0.7022185851973084,0.005360108424487436
602,0.7042189488997999,8.787244202069793e-05,0.7042189488997999,0.0051274598805344076
603,0.7062193126022913,8.588111054796416e-05,0.7062193126022912,0.004912225927877094
604,0.7082196763047826,8.396246900082081e-05,0.7082196763047826,0.004712827367720889
605,0.710220040007274,8.211283675461224e-05,0.7102200400072739,0.004527863428148586
606,0.7122204037097654,8.032877303618543e-05,0.7122204037097652,0.004356088893597024
607,0.7142207674122566,7.860705777936143e-05,0.7142207674122567,0.004196394557207809
608,0.716221131114748,7.694467428641503e-05,0.716221131114748,0.0040477904690136264
609,0.7182214948172394,7.53387934995632e-05,0.7182214948172394,0.003909391543457601
610,0.7202218585197309,7.378675971042895e-05,0.7202218585197308,0.0037804051637915833
611,0.7222222222222221,7.228607755616968e-05,0.7222222222222221,0.003660120481608418
612,0.7242225859247136,7.083440016890156e-05,0.7242225859247136,0.0035478991596637863
613,0.7262229496272048,6.942951836064955e-05,0.7262229496272049,0.003443167347268966
614,0.7282233133296963,6.806935073961093e-05,0.7282233133296963,0.0033454087115242686
615,0.7302236770321876,6.675193466536084e-05,0.7302236770321876,0.003254158375833552
616,0.7322240407346791,6.547541796096156e-05,0.732224040734679,0.003168997640558745
617,0.7342244044371703,6.423805130899956e-05,0.7342244044371704,0.003089549380202042
618,0.7362247681396616,6.303818126651328e-05,0.7362247681396618,0.0030154740278419967
619,0.7382251318421531,6.187424384076309e-05,0.7382251318421531,0.002946466071266963
620,0.7402254955446443,6.074475857394297e-05,0.7402254955446445,0.0028822509968094937
621,0.7422258592471358,5.964832309035854e-05,0.7422258592471358,0.002822582626668236
622,0.744226222949627,5.8583608064395254e-05,0.7442262229496273,0.0027672408038217572
623,0.7462265866521185,5.754935257183994e-05,0.7462265866521186,0.0027160293857490954
624,0.7482269503546098,5.654435979088878e-05,0.74822695035461,0.002668774514288462
625,0.7502273140571013,5.556749302251205e-05,0.7502273140571013,0.0026253231342666574
626,0.7522276777595925,5.4617672002825154e-05,0.7522276777595927,0.002585541738167604
627,0.754228041462084,5.3693869482758994e-05,0.7542280414620841,0.002549315318206505
628,0.7562284051645753,5.27951080526917e-05,0.7562284051645755,0.0025165465108461004
629,0.7582287688670666,5.192045719181003e-05,0.7582287688670668,0.0024871549221296063
630,0.760229132569558,5.106903052386323e-05,0.7602291325695579,0.002461076625296391
631,0.7622294962720493,5.0239983262661644e-05,0.7622294962720493,0.002438263825069748
632,0.7642298599745407,4.943250983219177e-05,0.7642298599745406,0.002418684685834738
633,0.7662302236770321,4.8645841647586246e-05,0.7662302236770321,0.0024023233237290384
634,0.7682305873795235,4.7879245044410565e-05,0.7682305873795234,0.0023891799655231926
635,0.7702309510820148,4.713201934483844e-05,0.7702309510820148,0.0023792712801423985
636,0.7722313147845062,4.640349505027959e-05,0.7722313147845061,0.002372630891860435
637,0.7742316784869975,4.569303215092844e-05,0.7742316784869975,0.002369310087665357
638,0.776232042189489,4.50000185435112e-05,0.7762320421894889,0.0023693787351564835
639,0.7782324058919803,4.432386854924891e-05,0.7782324058919803,0.0023729264316986022
640,0.7802327695944715,4.3664021524716804e-05,0.7802327695944716,0.002380063910568423
641,0.782233133296963,4.301994055888896e-05,0.782233133296963,0.0023909247356424337
642,0.7842334969994543,4.239111125020321e-05,0.7842334969994543,0.002405667322989974
643,0.7862338607019458,4.1777040557981164e-05,0.7862338607019458,0.002424477335787871
644,0.788234224404437,4.11772557229935e-05,0.7882342244044371,0.0024475705085533436
645,0.7902345881069285,4.0591303252371014e-05,0.7902345881069285,0.0024751959681563267
646,0.7922349518094197,4.001874796444233e-05,0.7922349518094198,0.002507640132859771
647,0.7942353155119112,3.945917208941914e-05,0.7942353155119112,0.002545231287290097
648,0.7962356792144025,3.891217442216769e-05,0.7962356792144026,0.002588344951432874
649,0.798236042916894,3.837736952358842e-05,0.798236042916894,0.002637410186317327
650,0.8002364066193852,3.7854386967391785e-05,0.8002364066193853,0.002692917009036683
651,0.8022367703218767,3.734287062929544e-05,0.8022367703218767,0.002755425126442297
652,0.804237134024368,3.684247801589169e-05,0.804237134024368,0.0028255742418533103
653,0.8062374977268593,3.635287963063278e-05,0.8062374977268595,0.0029040962444305384
654,0.8082378614293507,3.587375837457047e-05,0.8082378614293508,0.0029918296589304806
655,0.810238225131842,3.540480897965474e-05,0.8102382251318422,0.003089736817397359
656,0.8122385888343334,3.494573747255355e-05,0.8122385888343335,0.003198924317629301
657,0.8142389525368248,3.44962606671013e-05,0.8142389525368249,0.003320667460349429
658,0.8162393162393162,3.405610568361445e-05,0.8162393162393163,0.0034564395130392005
659,0.8182396799418075,3.362500949343727e-05,0.8182396799418075,0.003607946839097062
660,0.8202400436442989,3.320271848719191e-05,0.8202400436442988,0.003777171162399402
661,0.8222404073467903,3.278898806531305e-05,0.8222404073467902,0.003966420514956446
662,0.8242407710492817,3.2383582249541765e-05,0.8242407710492815,0.004178390742454705
663,0.826241134751773,3.1986273314144424e-05,0.826241134751773,0.004416239816889052
664,0.8282414984542642,3.159684143570262e-05,0.8282414984542643,0.004683677613592221
665,0.8302418621567557,3.121507436039848e-05,0.8302418621567557,0.004985074215817565
666,0.832242225859247,3.084076708778871e-05,0.832242225859247,0.00532559013598021
667,0.8342425895617385,3.047372157012668e-05,0.8342425895617384,0.00571133193534292
668,0.8362429532642297,3.011374642635334e-05,0.8362429532642298,0.006149536295166546
669,0.8382433169667212,2.9760656669932447e-05,0.8382433169667212,0.006648784117920152
670,0.8402436806692125,2.9414273449759882e-05,0.8402436806692125,0.007219242786319584
671,0.842244044371704,2.907442380342331e-05,0.8422440443717039,0.007872927663190804
672,0.8442444080741952,2.8740940422135797e-05,0.8442444080741952,0.00862396052876862
673,0.8462447717766867,2.841366142670689e-05,0.8462447717766867,0.00948877839001188
674,0.8482451354791779,2.8092430153955808e-05,0.848245135479178,0.010486203786524014
675,0.8502454991816693,2.7777094953005997e-05,0.8502454991816694,0.011637216774139012
676,0.8522458628841607,2.7467508990935747e-05,0.8522458628841607,0.012964155499873285
677,0.854246226586652,2.7163530067290412e-05,0.8542462265866521,0.014488904086799275
678,0.8562465902891434,2.6865020436991073e-05,0.8562465902891435,0.016229406491272726
679,0.8582469539916346,2.6571846641203275e-05,0.8582469539916349,0.01819362915493225
680,0.8602473176941262,2.6283879345753462e-05,0.8602473176941262,0.020370068570785195
681,0.8622476813966174,2.6000993186706653e-05,0.8622476813966176,0.02271448585640145
682,0.8642480450991089,2.5723066622739387e-05,0.8642480450991089,0.02513445172243221
683,0.8662484088016001,2.5449981793965252e-05,0.8662484088016004,0.02747711458162499
684,0.8682487725040916,2.5181624386887488e-05,0.8682487725040917,0.02953056726453236
685,0.870249136206583,2.491788350517409e-05,0.8702491362065831,0.031051053738349824
686,0.8722494999090744,2.4658651545965804e-05,0.8722494999090744,0.03181981469594163
687,0.8742498636115656,2.4403824081445495e-05,0.8742498636115658,0.03171254087869366
688,0.8762502273140569,2.4153299745411e-05,0.8762502273140569,0.030745558015995437
689,0.8782505910165483,2.390698012460884e-05,0.8782505910165483,0.029069499094534754
690,0.8802509547190397,2.3664769654599106e-05,0.8802509547190397,0.026914674531369
691,0.8822513184215311,2.3426575519934043e-05,0.882251318421531,0.024521726893312785
692,0.8842516821240224,2.3192307558445445e-05,0.8842516821240224,0.022090745175948712
693,0.8862520458265138,2.2961878169445964e-05,0.8862520458265137,0.019760624884009183
694,0.8882524095290052,2.273520222566104e-05,0.8882524095290052,0.01761181221703946
695,0.8902527732314967,2.2512196988716487e-05,0.8902527732314965,0.015679975207178794
696,0.8922531369339879,2.22927820280176e-05,0.8922531369339879,0.013971274692784676
697,0.8942535006364793,2.2076879142862584e-05,0.8942535006364792,0.012474836153058194
698,0.8962538643389706,2.186441228764299e-05,0.8962538643389706,0.011171413861593956
699,0.8982542280414619,2.165530749998976e-05,0.898254228041462,0.010038780416837697
700,0.9002545917439534,2.1449492831732276e-05,0.9002545917439534,0.009054772903926075
701,0.9022549554464446,2.124689828254362e-05,0.9022549554464447,0.008198831951195685
702,0.9042553191489361,2.1047455736151904e-05,0.9042553191489361,0.0074526433298243554
703,0.9062556828514274,2.085109889900401e-05,0.9062556828514274,0.006800281073817437
704,0.9082560465539189,2.065776324127302e-05,0.9082560465539189,0.006228095729349921
705,0.9102564102564101,2.046738594010693e-05,0.9102564102564102,0.0057244887009827595
706,0.9122567739589016,2.027990582502044e-05,0.9122567739589016,0.005279650157631891
707,0.9142571376613928,2.0095263325337257e-05,0.9142571376613929,0.0048853004339230125
708,0.9162575013638843,1.9913400419594116e-05,0.9162575013638843,0.004534453521139451
709,0.9182578650663756,1.9734260586822846e-05,0.9182578650663757,0.004221209576313281
710,0.9202582287688669,1.9557788759630025e-05,0.9202582287688671,0.003940577317916699
711,0.9222585924713583,1.938393127899836e-05,0.9222585924713584,0.003688324273321902
712,0.9242589561738496,1.921263585073724e-05,0.9242589561738498,0.0034608516629019773
713,0.9262593198763411,1.904385150351308e-05,0.9262593198763411,0.0032550904272045504
714,0.9282596835788324,1.8877528548394097e-05,0.9282596835788326,0.0030684150668555507
715,0.9302600472813238,1.871361853984642e-05,0.9302600472813239,0.002898572318330884
716,0.9322604109838151,1.8552074238122006e-05,0.9322604109838153,0.0027436220998785362
717,0.9342607746863065,1.83928495729811e-05,0.9342607746863064,0.002601888564568611
718,0.9362611383887979,1.8235899608695308e-05,0.9362611383887978,0.0024719194619881807
719,0.9382615020912893,1.808118051027877e-05,0.9382615020912891,0.0023524523261203947
720,0.9402618657937806,1.7928649510898653e-05,0.9402618657937806,0.00224238627388499
721,0.942262229496272,1.7778264880417084e-05,0.9422622294962719,0.0021407584206521117
722,0.9442625931987633,1.762998589501999e-05,0.9442625931987633,0.002046724101489253
723,0.9462629569012546,1.748377280788918e-05,0.9462629569012546,0.0019595402359788897
724,0.9482633206037461,1.7339586820877082e-05,0.948263320603746,0.0018785512957765341
725,0.9502636843062373,1.7197390057144463e-05,0.9502636843062374,0.0018031774326209235
726,0.9522640480087288,1.705714553472356e-05,0.9522640480087288,0.0017329044044753037
727,0.9542644117112201,1.691881714097101e-05,0.9542644117112201,0.001667275002381196
728,0.9562647754137116,1.6782369607875765e-05,0.9562647754137115,0.0016058817333252488
729,0.9582651391162028,1.664776848818964e-05,0.9582651391162028,0.0015483605573003052
730,0.9602655028186943,1.6514980132348565e-05,0.9602655028186943,0.0014943855116800713
731,0.9622658665211855,1.6383971666154986e-05,0.9622658665211856,0.0014436640845509824
732,0.964266230223677,1.6254710969192123e-05,0.964266230223677,0.001395933221984239
733,0.9662665939261683,1.6127166653942985e-05,0.9662665939261683,0.0013509558733731733
734,0.9682669576286596,1.6001308045587405e-05,0.9682669576286597,0.0013085179946997916
735,0.970267321331151,1.5877105162452064e-05,0.9702673213311511,0.0012684259425675567
736,0.9722676850336424,1.5754528697089192e-05,0.9722676850336425,0.0012305042025589172
737,0.9742680487361338,1.5633549997960743e-05,0.9742680487361338,0.0011945934043597107
738,0.976268412438625,1.5514141051705927e-05,0.9762684124386252,0.0011605485834726985
739,0.9782687761411165,1.5396274465970574e-05,0.9782687761411165,0.0011282376554896212
740,0.9802691398436078,1.527992345277823e-05,0.980269139843608,0.001097540074024587
741,0.9822695035460992,1.5165061812422998e-05,0.9822695035460993,0.001068345647709501
742,0.9842698672485906,1.5051663917865743e-05,0.9842698672485907,0.0010405534952597855
743,0.986270230951082,1.4939704699615243e-05,0.986270230951082,0.0010140711206542577
744,0.9882705946535733,1.482915963107734e-05,0.9882705946535734,0.000988813593033762
745,0.9902709583560646,1.47200047143552e-05,0.9902709583560648,0.0009647028180884499
746,0.9922713220585561,1.4612216466484913e-05,0.9922713220585562,0.0009416668895389544
747,0.9942716857610473,1.4505771906091145e-05,0.9942716857610473,0.0009196395108759894
748,0.9962720494635388,1.4400648540447937e-05,0.9962720494635386,0.0008985594788506684
749,0.99827241316603,1.4296824352930856e-05,0.99827241316603,0.0008783702213410829
750,1.0002727768685216,1.41942777908466e-05,1.0002727768685213,0.0008590193831898266
751,1.0022731405710128,1.4092987753627341e-05,1.0022731405710128,0.0008404584544380353
752,1.0042735042735043,1.3992933581376977e-05,1.004273504273504,0.000822642436095077
753,1.0062738679759955,1.3894095043757569e-05,1.0062738679759955,0.0008055295391972788
754,1.008274231678487,1.3796452329204049e-05,1.008274231678487,0.0007890809134388246
755,1.0102745953809782,1.3699986034456442e-05,1.0102745953809782,0.0007732604021157616
756,1.0122749590834696,1.3604677154398505e-05,1.0122749590834696,0.0007580343205204117
757,1.0142753227859609,1.3510507072192855e-05,1.0142753227859609,0.0007433712552673239
758,1.0162756864884523,1.341745754970238e-05,1.0162756864884523,0.0007292418823307133
759,1.0182760501909438,1.3325510718188593e-05,1.0182760501909438,0.0007156188018334789
760,1.020276413893435,1.32346490692777e-05,1.020276413893435,0.0007024763878547805
761,1.0222767775959265,1.3144855446185444e-05,1.0222767775959265,0.0006897906517213812
762,1.0242771412984177,1.3056113035192443e-05,1.0242771412984177,0.0006775391174214239
763,1.0262775050009092,1.2968405357361569e-05,1.0262775050009092,0.0006657007079313696
764,1.0282778687034004,1.2881716260489754e-05,1.0282778687034007,0.0006542556413803258
765,1.030278232405892,1.279602991128632e-05,1.030278232405892,0.0006431853360933836
766,1.0322785961083831,1.2711330787770872e-05,1.0322785961083834,0.0006324723236589794
767,1.0342789598108746,1.262760367188331e-05,1.0342789598108746,0.0006221001692564855
768,1.036279323513366,1.254483364229955e-05,1.036279323513366,0.0006120533985607899
769,1.0382796872158573,1.2463006067446051e-05,1.0382796872158575,0.0006023174306118938
770,1.0402800509183487,1.2382106598707101e-05,1.0402800509183487,0.0005928785161006685
771,1.04228041462084,1.2302121163818645e-05,1.0422804146208402,0.0005837236805779295
772,1.0442807783233314,1.222303596044273e-05,1.0442807783233314,0.0005748406721437113
773,1.0462811420258227,1.2144837449917099e-05,1.046281142025823,0.0005662179132178917
774,1.0482815057283141,1.2067512351174207e-05,1.0482815057283144,0.0005578444560326993
775,1.0502818694308054,1.1991047634824664e-05,1.0502818694308056,0.0005497099415227969
776,1.0522822331332968,1.1915430517399732e-05,1.0522822331332968,0.0005418045613199988
777,1.0542825968357883,1.1840648455748254e-05,1.054282596835788,0.0005341190225877265
778,1.0562829605382797,1.1766689141583004e-05,1.0562829605382795,0.0005266445154554294
779,1.058283324240771,1.1693540496172141e-05,1.058283324240771,0.0005193726828356628
780,1.0602836879432622,1.1621190665171098e-05,1.0602836879432622,0.0005122955924267243
781,1.0622840516457537,1.1549628013590847e-05,1.0622840516457537,0.0005054057107218583
782,1.064284415348245,1.1478841120898339e-05,1.064284415348245,0.0004986958788623406
783,1.0662847790507364,1.1408818776245073e-05,1.0662847790507364,0.0004921592901864183
784,1.0682851427532276,1.1339549973820094e-05,1.0682851427532278,0.00048578946933930227
785,1.070285506455719,1.127102390832356e-05,1.070285506455719,0.0004795802528213245
786,1.0722858701582105,1.1203229970557436e-05,1.0722858701582105,0.00047352577086214097
787,1.074286233860702,1.113615774312966e-05,1.0742862338607018,0.00046762043051858294
788,1.0762865975631932,1.106979699626867e-05,1.0762865975631932,0.00046185889990256734
789,1.0782869612656847,1.1004137683744765e-05,1.0782869612656847,0.0004562360934534407
790,1.080287324968176,1.0939169938895472e-05,1.080287324968176,0.0004507471581763578
791,1.0822876886706674,1.0874884070751604e-05,1.0822876886706674,0.0004453874607748522
792,1.0842880523731586,1.0811270560261292e-05,1.0842880523731586,0.0004401525756117034
793,1.0862884160756499,1.0748320056609036e-05,1.08628841607565,0.0004350382734376202
794,1.0882887797781413,1.0686023373627072e-05,1.0882887797781415,0.00043004051083217677
795,1.0902891434806328,1.0624371486296425e-05,1.0902891434806328,0.00042515542030592513
796,1.0922895071831242,1.0563355527335018e-05,1.0922895071831242,0.0004203793010166838
797,1.0942898708856155,1.0502966783870437e-05,1.0942898708856155,0.00041570861005673336
798,1.096290234588107,1.0443196694194842e-05,1.096290234588107,0.00041113995427104715
799,1.0982905982905982,1.0384036844599814e-05,1.0982905982905984,0.0004066700825697897
800,1.1002909619930896,1.0325478966288804e-05,1.1002909619930896,0.00040229587870115833
801,1.1022913256955809,1.0267514932365016e-05,1.102291325695581,0.00039801435445323854
802,1.1042916893980723,1.021013675489263e-05,1.1042916893980723,0.0003938226432559257
803,1.1062920531005636,1.0153336582029328e-05,1.1062920531005638,0.0003897179941561426
804,1.108292416803055,1.009710669522809e-05,1.1082924168030552,0.0003856977661415858
805,1.1102927805055465,1.0041439506506394e-05,1.1102927805055463,0.0003817594227900661
806,1.1122931442080377,9.986327555780982e-06,1.1122931442080377,0.00037790052722319183
807,1.1142935079105292,9.931763508266242e-06,1.114293507910529,0.00037411873734470135
808,1.1162938716130204,9.877740151934717e-06,1.1162938716130204,0.0003704118013451609
809,1.1182942353155119,9.82425039503775e-06,1.1182942353155119,0.00036677755345606954
810,1.120294599018003,9.771287263684907e-06,1.120294599018003,0.0003632139099376113
811,1.1222949627204946,9.718843899480347e-06,1.1222949627204946,0.000359718865285411
812,1.1242953264229858,9.666913557214815e-06,1.1242953264229858,0.0003562904886426744
813,1.1262956901254773,9.615489602611554e-06,1.1262956901254773,0.00035292692040504123
814,1.1282960538279687,9.564565510124883e-06,1.1282960538279687,0.0003496263690063537
815,1.13029641753046,9.514134860789873e-06,1.13029641753046,0.0003463871078743509
816,1.1322967812329514,9.464191340121862e-06,1.1322967812329514,0.00034320747254604585
817,1.1342971449354426,9.414728736064475e-06,1.1342971449354426,0.00034008585793323125
818,1.136297508637934,9.36574093698479e-06,1.136297508637934,0.0003370207157292048
819,1.1382978723404253,9.317221929714527e-06,1.1382978723404256,0.00033401055194838834
820,1.1402982360429168,9.269165797635924e-06,1.1402982360429168,0.0003310539245910732
821,1.142298599745408,9.221566718811262e-06,1.1422985997454083,0.0003281494414260253
822,1.1442989634478995,9.174418964154762e-06,1.1442989634478995,0.00032529575788416094
823,1.146299327150391,9.12771689564589e-06,1.146299327150391,0.000322491575056938
824,1.1482996908528824,9.081454964582862e-06,1.1482996908528824,0.0003197356377935195
825,1.1503000545553737,9.035627709875458e-06,1.1503000545553737,0.0003170267328911381
826,1.1523004182578651,8.990229756375966e-06,1.1523004182578651,0.0003143636873734485
827,1.1543007819603563,8.945255813247458e-06,1.1543007819603563,0.00031174536685197663
828,1.1563011456628476,8.900700672368268e-06,1.1563011456628478,0.000309170673966081
829,1.158301509365339,8.856559206771881e-06,1.1583015093653393,0.0003066385468971263
830,1.1603018730678303,8.812826369121308e-06,1.1603018730678305,0.0003041479579528311
831,1.1623022367703217,8.769497190216977e-06,1.162302236770322,0.0003016979122179983
832,1.164302600472813,8.726566777537462e-06,1.1643026004728132,0.0002992874462680695
833,1.1663029641753047,8.684030313812038e-06,1.1663029641753047,0.0002969156269421527
834,1.168303327877796,8.64188305562447e-06,1.1683033278777957,0.0002945815501723803
835,1.1703036915802874,8.600120332047026e-06,1.1703036915802871,0.0002922843398666332
836,1.1723040552827786,8.558737543304182e-06,1.1723040552827786,0.00029002314684185024
837,1.17430441898527,8.517730159465106e-06,1.1743044189852698,0.00028779714780529536
838,1.1763047826877613,8.47709371916435e-06,1.1763047826877613,0.00028560554438131555
839,1.1783051463902525,8.43682382834992e-06,1.1783051463902525,0.0002834475621812628
840,1.180305510092744,8.396916159058176e-06,1.180305510092744,0.0002813224499143849
841,1.1823058737952352,8.35736644821483e-06,1.1823058737952354,0.0002792294785376178
842,1.1843062374977267,8.318170496461398e-06,1.1843062374977267,0.00027716794044232876
843,1.1863066012002181,8.279324167006562e-06,1.1863066012002181,0.0002751371486761678
844,1.1883069649027096,8.240823384501725e-06,1.1883069649027094,0.00027313643619829086
845,1.1903073286052008,8.202664133940297e-06,1.1903073286052008,0.00027116515516631293
846,1.1923076923076923,8.164842459580025e-06,1.1923076923076923,0.00026922267625343916
847,1.1943080560101835,8.127354463887918e-06,1.1943080560101835,0.00026730838799431025
848,1.196308419712675,8.09019630650712e-06,1.196308419712675,0.0002654216961581755
849,1.1983087834151662,8.053364203245313e-06,1.1983087834151662,0.0002635620231480828
850,1.2003091471176575,8.016854425084035e-06,1.2003091471176577,0.0002617288074248472
851,1.202309510820149,7.980663297208496e-06,1.2023095108201491,0.0002599215029546234
852,1.2043098745226404,7.944787198057396e-06,1.2043098745226404,0.00025813957867897144
853,1.2063102382251318,7.909222558392194e-06,1.2063102382251318,0.000256382518006365
854,1.208310601927623,7.873965860385494e-06,1.208310601927623,0.0002546498183241432
855,1.2103109656301145,7.839013636727986e-06,1.2103109656301145,0.00025294099052996355
856,1.212311329332606,7.804362469753614e-06,1.212311329332606,0.0002512555585818593
857,1.214311693035097,7.770008990582423e-06,1.2143116930350972,0.00024959305906605255
858,1.2163120567375885,7.735949878280795e-06,1.2163120567375887,0.0002479530407817174
859,1.21831242044008,7.702181859038591e-06,1.21831242044008,0.00024633506434192846
860,1.2203127841425714,7.668701705362864e-06,1.2203127841425714,0.00024473870179006957
861,1.2223131478450626,7.635506235287697e-06,1.2223131478450628,0.0002431635362310136
862,1.224313511547554,7.602592311599832e-06,1.224313511547554,0.00024160916147641869
863,1.2263138752500455,7.569956841079781e-06,1.2263138752500455,0.00024007518170351955
864,1.2283142389525366,7.537596773757958e-06,1.2283142389525366,0.0002385612111268227
865,1.230314602655028,7.505509102185539e-06,1.230314602655028,0.00023706687368214288
866,1.2323149663575195,7.473690860719788e-06,1.2323149663575195,0.00023559180272245004
867,1.234315330060011,7.4421391248233875e-06,1.2343153300600107,0.00023413564072501344
868,1.236315693762502,7.410851010377559e-06,1.2363156937625022,0.00023269803900936357
869,1.2383160574649934,7.379823673008595e-06,1.2383160574649934,0.00023127865746561
870,1.2403164211674849,7.349054307427612e-06,1.2403164211674849,0.00022987716429267728
871,1.2423167848699763,7.3185401467830685e-06,1.2423167848699763,0.00022849323574604177
872,1.2443171485724676,7.288278462025898e-06,1.2443171485724676,0.00022712655589457196
873,1.246317512274959,7.258266561286898e-06,1.246317512274959,0.0002257768163860931
874,1.2483178759774505,7.228501789266178e-06,1.2483178759774503,0.00022444371622131704
875,1.2503182396799415,7.198981526634304e-06,1.2503182396799417,0.00022312696153579015
876,1.252318603382433,7.169703189444941e-06,1.2523186033824332,0.00022182626538953421
877,1.2543189670849244,7.140664228558772e-06,1.2543189670849244,0.00022054134756406587
878,1.2563193307874159,7.111862129078359e-06,1.2563193307874159,0.00021927193436649595
879,1.258319694489907,7.083294409793786e-06,1.258319694489907,0.00021801775844042435
880,1.2603200581923986,7.054958622638771e-06,1.2603200581923986,0.00021677855858335805
881,1.26232042189489,7.026852352157143e-06,1.26232042189489,0.00021555407957039293
882,1.2643207855973815,6.998973214979313e-06,1.2643207855973813,0.00021434407198391082
883,1.2663211492998725,6.971318859308618e-06,1.2663211492998727,0.00021314829204905532
884,1.268321513002364,6.94388696441729e-06,1.268321513002364,0.00021196650147475984
885,1.2703218767048554,6.916675240151884e-06,1.2703218767048554,0.00021079846730011126
886,1.2723222404073464,6.889681426447896e-06,1.2723222404073469,0.00020964396174584304
887,1.2743226041098379,6.862903292853405e-06,1.274322604109838,0.00020850276207075871
888,1.2763229678123293,6.836338638061592e-06,1.2763229678123296,0.00020737465043289827
889,1.2783233315148208,6.809985289451876e-06,1.2783233315148208,0.00020625941375526478
890,1.280323695217312,6.783841102639515e-06,1.2803236952173123,0.00020515684359593945
891,1.2823240589198035,6.757903961033494e-06,1.2823240589198037,0.0002040667360224184
892,1.284324422622295,6.732171775402552e-06,1.284324422622295,0.00020298889149001321
893,1.2863247863247864,6.706642483449107e-06,1.2863247863247862,0.000201923114724163
894,1.2883251500272774,6.6813140493909924e-06,1.2883251500272774,0.00020086921460651168
895,1.290325513729769,6.656184463550765e-06,1.290325513729769,0.00019982700406461382
896,1.2923258774322604,6.631251741952522e-06,1.2923258774322604,0.0001987962999651315
897,1.2943262411347514,6.606513925925973e-06,1.2943262411347516,0.00019777692301039764
898,1.296326604837243,6.581969081717647e-06,1.296326604837243,0.0001967686976382216
899,1.2983269685397345,6.557615300109171e-06,1.2983269685397343,0.00019577145192481912
900,1.300327332242226,6.533450696042313e-06,1.3003273322422257,0.000194785017490755
901,1.302327695944717,6.5094734082508075e-06,1.3023276959447172,0.0001938092294097893
902,1.3043280596472084,6.485681598898708e-06,1.3043280596472084,0.0001928439261205237
903,1.3063284233497,6.462073453225227e-06,1.3063284233497,0.00019188894934074862
904,1.3083287870521914,6.438647179195858e-06,1.3083287870521911,0.000190944143984395
905,1.3103291507546824,6.415401007159673e-06,1.3103291507546826,0.00019000935808099936
906,1.3123295144571738,6.392333189512692e-06,1.312329514457174,0.00018908444269759425
907,1.3143298781596653,6.369442000367193e-06,1.3143298781596653,0.00018816925186293878
908,1.3163302418621565,6.346725735226825e-06,1.3163302418621567,0.0001872636424940091
909,1.318330605564648,6.324182710667388e-06,1.318330605564648,0.0001863674743246693
910,1.3203309692671394,6.301811264023271e-06,1.3203309692671394,0.00018548060983644915
911,1.322331332969631,6.279609753079281e-06,1.322331332969631,0.0001846029141913561
912,1.324331696672122,6.257576555767884e-06,1.3243316966721221,0.00018373425516665128
913,1.3263320603746134,6.235710069871671e-06,1.3263320603746136,0.00018287450309152498
914,1.3283324240771048,6.214008712730996e-06,1.3283324240771048,0.00018202353078560553
915,1.3303327877795963,6.19247092095665e-06,1.3303327877795963,0.00018118121349924084
916,1.3323331514820873,6.1710951501474935e-06,1.3323331514820878,0.00018034742885549392
917,1.3343335151845788,6.149879874612901e-06,1.334333515184579,0.000179522056793794
918,1.3363338788870704,6.1288235871000335e-06,1.3363338788870704,0.00017870497951518962
919,1.338334242589562,6.1079247985256966e-06,1.3383342425895617,0.00017789608142915043
920,1.340334606292053,6.0871820377128205e-06,1.3403346062920531,0.0001770952491018665
921,1.3423349699945444,6.066593851131383e-06,1.3423349699945446,0.00017630237120599707
922,1.3443353336970358,6.046158802643775e-06,1.3443353336970356,0.00017551733847182073
923,1.3463356973995269,6.025875473254423e-06,1.346335697399527,0.00017474004363974205
924,1.3483360611020183,6.005742460863657e-06,1.3483360611020183,0.00017397038141411163
925,1.3503364248045098,5.985758380025745e-06,1.3503364248045098,0.00017320824841831562
926,1.3523367885070012,5.9659218617109515e-06,1.352336788507001,0.00017245354315109638
927,1.3543371522094925,5.946231553071609e-06,1.3543371522094925,0.00017170616594406324
928,1.356337515911984,5.926686117212077e-06,1.356337515911984,0.00017096601892035692
929,1.3583378796144754,5.907284232962557e-06,1.3583378796144752,0.00017023300595443074
930,1.3603382433169668,5.888024594656662e-06,1.3603382433169666,0.00016950703263291373
931,1.3623386070194579,5.868905911912659e-06,1.3623386070194579,0.00016878800621652145
932,1.3643389707219493,5.849926909418346e-06,1.3643389707219493,0.00016807583560298267
933,1.3663393344244408,5.8310863267194856e-06,1.3663393344244408,0.00016737043129094972
934,1.3683396981269318,5.812382918011703e-06,1.368339698126932,0.00016667170534486294
935,1.3703400618294233,5.793815451935811e-06,1.3703400618294235,0.0001659795713607386
936,1.3723404255319147,5.775382711376493e-06,1.3723404255319147,0.00016529394443285406
937,1.3743407892344062,5.757083493264273e-06,1.3743407892344062,0.0001646147411213009
938,1.3763411529368974,5.738916608380713e-06,1.3763411529368976,0.00016394187942038105
939,1.3783415166393889,5.720880881166768e-06,1.3783415166393889,0.00016327527872781958
940,1.3803418803418803,5.702975149534281e-06,1.3803418803418803,0.0001626148598147705
941,1.3823422440443718,5.6851982646805e-06,1.3823422440443716,0.0001619605447965909
942,1.3843426077468628,5.6675490909056005e-06,1.384342607746863,0.00016131225710436136
943,1.3863429714493543,5.6500265054331456e-06,1.3863429714493545,0.00016066992145712987
944,1.3883433351518457,5.632629398233446e-06,1.3883433351518457,0.00016003346383485807
945,1.390343698854337,5.615356671849729e-06,1.3903436988543372,0.00015940281145204955
946,1.3923440625568284,5.598207241227095e-06,1.3923440625568284,0.00015877789273203982
947,1.3943444262593199,5.5811800335442304e-06,1.3943444262593199,0.00015815863728192787
948,1.3963447899618113,5.56427398804775e-06,1.3963447899618113,0.00015754497586813288
949,1.3983451536643023,5.547488055889218e-06,1.3983451536643026,0.00015693684039255542
950,1.4003455173667938,5.530821199964711e-06,1.400345517366794,0.00015633416386932766
951,1.4023458810692853,5.514272394756958e-06,1.402345881069285,0.00015573688040213435
952,1.4043462447717767,5.497840626179939e-06,1.4043462447717765,0.000155144925162089
953,1.4063466084742677,5.481524891425939e-06,1.406346608474268,0.00015455823436614976
954,1.4083469721767592,5.465324198814999e-06,1.4083469721767592,0.00015397674525605834
955,1.4103473358792507,5.449237567646736e-06,1.4103473358792507,0.00015340039607778866
956,1.4123476995817419,5.433264028054478e-06,1.4123476995817419,0.00015282912606149026
957,1.4143480632842333,5.417402620861644e-06,1.4143480632842333,0.00015226287540191208
958,1.4163484269867248,5.4016523974404e-06,1.4163484269867248,0.00015170158523929452
959,1.4183487906892163,5.386012419572478e-06,1.418348790689216,0.00015114519764071542
960,1.4203491543917073,5.370481759312174e-06,1.4203491543917075,0.00015059365558187823
961,1.4223495180941987,5.355059498851419e-06,1.4223495180941987,0.00015004690292932965
962,1.4243498817966902,5.339744730386994e-06,1.4243498817966902,0.0001495048844230958
963,1.4263502454991817,5.324536555989732e-06,1.4263502454991817,0.00014896754565972401
964,1.428350609201673,5.309434087475748e-06,1.428350609201673,0.0001484348330757207
965,1.4303509729041644,5.2944364462796385e-06,1.4303509729041644,0.00014790669393137358
966,1.4323513366066558,5.2795427633296206e-06,1.4323513366066556,0.00014738307629494815
967,1.4343517003091468,5.2647521789245745e-06,1.434351700309147,0.0001468639290272487
968,1.4363520640116383,5.250063842612938e-06,1.4363520640116385,0.0001463492017665332
969,1.4383524277141297,5.235476913073467e-06,1.4383524277141297,0.00014583884491377338
970,1.4403527914166212,5.2209905579977735e-06,1.4403527914166212,0.00014533280961825064
971,1.4423531551191122,5.206603953974659e-06,1.4423531551191124,0.00014483104776347885
972,1.4443535188216037,5.1923162863761676e-06,1.444353518821604,0.0001443335119534446
973,1.4463538825240951,5.178126749245386e-06,1.4463538825240954,0.00014384015549915853
974,1.4483542462265866,5.164034545185889e-06,1.4483542462265866,0.00014335093240550723
975,1.4503546099290778,5.150038885252866e-06,1.450354609929078,0.0001428657973583994
976,1.4523549736315693,5.136138988845856e-06,1.4523549736315693,0.0001423847057121983
977,1.4543553373340607,5.1223340836031e-06,1.4543553373340607,0.00014190761347743246
978,1.4563557010365518,5.10862340529746e-06,1.4563557010365522,0.0001414344773087785
979,1.4583560647390432,5.09500619773385e-06,1.4583560647390434,0.00014096525449330783
980,1.4603564284415347,5.081481712648243e-06,1.460356428441535,0.00014049990293899176
981,1.4623567921440261,5.068049209608117e-06,1.462356792144026,0.0001400383811634572
982,1.4643571558465174,5.054707955914406e-06,1.4643571558465174,0.00013958064828298726
983,1.4663575195490088,5.041457226504862e-06,1.4663575195490088,0.00013912666400176085
984,1.4683578832515003,5.028296303858862e-06,1.4683578832515,0.00013867638860132406
985,1.4703582469539918,5.0152244779036e-06,1.4703582469539915,0.00013822978293028882
986,1.4723586106564828,5.002241045921635e-06,1.4723586106564828,0.00013778680839425208
987,1.4743589743589742,4.989345312459809e-06,1.4743589743589742,0.00013734742694593074
988,1.4763593380614657,4.976536589239482e-06,1.4763593380614657,0.0001369116010755065
989,1.4783597017639571,4.96381419506806e-06,1.478359701763957,0.00013647929380117561
990,1.4803600654664482,4.951177455751832e-06,1.4803600654664484,0.0001360504686598984
991,1.4823604291689396,4.938625704010026e-06,1.4823604291689396,0.00013562508969834373
992,1.484360792871431,4.926158279390144e-06,1.484360792871431,0.0001352031214640235
993,1.4863611565739223,4.913774528184502e-06,1.4863611565739225,0.00013478452899661245
994,1.4883615202764138,4.90147380334795e-06,1.4883615202764138,0.00013436927781944894
995,1.4903618839789052,4.889255464416804e-06,1.4903618839789052,0.00013395733393121252
996,1.4923622476813967,4.877118877428919e-06,1.4923622476813965,0.00013354866379777317
997,1.4943626113838877,4.865063414844905e-06,1.494362611383888,0.00013314323434420914
998,1.4963629750863792,4.853088455470456e-06,1.4963629750863794,0.00013274101294698845
999,1.4983633387888706,4.84119338437981e-06,1.4983633387888706,0.00013234196742631073
1000,1.500363702491362,4.82937759284027e-06,1.500363702491362,0.0001319460660386053
1001,1.502364066193853,4.817640478237801e-06,1.5023640661938533,0.00013155327746918152
1002,1.5043644298963448,4.805981444003674e-06,1.5043644298963448,0.00013116357082502855
1003,1.5063647935988362,4.794399899542158e-06,1.5063647935988362,0.00013077691562776017
1004,1.5083651573013273,4.7828952601592224e-06,1.5083651573013275,0.00013039328180670172
1005,1.5103655210038187,4.771466946992211e-06,1.510365521003819,0.0001300126396921156
1006,1.5123658847063102,4.760114386940569e-06,1.5123658847063102,0.00012963496000856242
1007,1.5143662484088016,4.748837012597462e-06,1.5143662484088016,0.00012926021386839415
1008,1.5163666121112926,4.737634262182406e-06,1.516366612111293,0.00012888837276537642
1009,1.518366975813784,4.726505579474799e-06,1.5183669758137843,0.00012851940856843736
1010,1.5203673395162756,4.715450413748404e-06,1.5203673395162756,0.0001281532935155393
1011,1.522367703218767,4.704468219706718e-06,1.5223677032187668,0.00012779000020767125
1012,1.5243680669212583,4.693558457419255e-06,1.5243680669212583,0.00012742950160295863
1013,1.5263684306237497,4.682720592258684e-06,1.5263684306237495,0.00012707177101088863
1014,1.5283687943262412,4.671954094838862e-06,1.528368794326241,0.00012671678208664707
1015,1.5303691580287322,4.661258440953701e-06,1.5303691580287324,0.00012636450882556614
1016,1.5323695217312236,4.650633111516877e-06,1.5323695217312236,0.00012601492555767846
1017,1.534369885433715,4.640077592502367e-06,1.534369885433715,0.00012566800694237658
1018,1.5363702491362066,4.629591374885804e-06,1.5363702491362063,0.00012532372796317498
1019,1.5383706128386976,4.619173954586624e-06,1.5383706128386978,0.00012498206392257244
1020,1.540370976541189,4.6088248324109915e-06,1.5403709765411893,0.00012464299043701184
1021,1.5423713402436805,4.598543513995538e-06,1.5423713402436805,0.00012430648343193665
1022,1.5443717039461722,4.58832950975182e-06,1.544371703946172,0.00012397251913694047
1023,1.5463720676486632,4.578182334811549e-06,1.5463720676486632,0.00012364107408100844
1024,1.5483724313511547,4.568101508972563e-06,1.5483724313511547,0.00012331212508784824
1025,1.5503727950536461,4.558086556645525e-06,1.5503727950536461,0.0001229856492713089
1026,1.5523731587561371,4.548137006801338e-06,1.5523731587561374,0.00012266162403088478
1027,1.5543735224586286,4.538252392919252e-06,1.5543735224586288,0.00012234002704730436
1028,1.55637388616112,4.528432252935696e-06,1.55637388616112,0.00012202083627819985
1029,1.5583742498636115,4.518676129193775e-06,1.5583742498636115,0.00012170402995385823
1030,1.5603746135661027,4.508983568393433e-06,1.560374613566103,0.00012138958657304996
1031,1.5623749772685942,4.499354121542299e-06,1.5623749772685942,0.00012107748489893477
1032,1.5643753409710857,4.489787343907185e-06,1.5643753409710857,0.00012076770395504284
1033,1.5663757046735771,4.480282794966212e-06,1.566375704673577,0.00012046022302132918
1034,1.5683760683760681,4.470840038361591e-06,1.5683760683760684,0.00012015502163030018
1035,1.5703764320785596,4.461458641852998e-06,1.5703764320785598,0.00011985207956321069
1036,1.572376795781051,4.452138177271607e-06,1.572376795781051,0.00011955137684632972
1037,1.574377159483542,4.442878220474691e-06,1.5743771594835425,0.00011925289374727416
1038,1.5763775231860335,4.433678351300833e-06,1.5763775231860337,0.00011895661077140805
1039,1.578377886888525,4.424538153525734e-06,1.578377886888525,0.00011866250865830681
1040,1.5803782505910164,4.415457214818589e-06,1.5803782505910164,0.00011837056837828478
1041,1.5823786142935077,4.4064351266990305e-06,1.5823786142935077,0.00011808077112898477
1042,1.5843789779959991,4.397471484494638e-06,1.5843789779959991,0.00011779309833202816
1043,1.5863793416984906,4.38856588729901e-06,1.5863793416984904,0.00011750753162972471
1044,1.588379705400982,4.379717937930366e-06,1.5883797054009818,0.00011722405288184029
1045,1.590380069103473,4.3709272428906936e-06,1.5903800691034733,0.00011694264416242188
1046,1.5923804328059645,4.362193412325416e-06,1.5923804328059645,0.00011666328775667833
1047,1.594380796508456,4.353516059983603e-06,1.594380796508456,0.00011638596615791572
1048,1.5963811602109472,4.344894803178665e-06,1.5963811602109472,0.00011611066206452645
1049,1.5983815239134387,4.336329262749569e-06,1.5983815239134387,0.00011583735837703064
1050,1.6003818876159301,4.32781906302256e-06,1.6003818876159301,0.00011556603819516913
1051,1.6023822513184216,4.3193638317733625e-06,1.6023822513184214,0.00011529668481504674
1052,1.6043826150209126,4.310963200189861e-06,1.6043826150209128,0.00011502928172632491
1053,1.606382978723404,4.302616802835273e-06,1.606382978723404,0.00011476381260946268
1054,1.6083833424258955,4.294324277611776e-06,1.6083833424258955,0.00011450026133300499
1055,1.610383706128387,4.286085265724616e-06,1.610383706128387,0.00011423861195091775
1056,1.612384069830878,4.277899411646655e-06,1.6123840698308782,0.00011397884869996785
1057,1.6143844335333695,4.269766363083367e-06,1.6143844335333697,0.00011372095599714831
1058,1.616384797235861,4.261685770938297e-06,1.616384797235861,0.00011346491843714682
1059,1.6183851609383522,4.253657289278942e-06,1.6183851609383524,0.0001132107207898573
1060,1.6203855246408436,4.245680575303054e-06,1.6203855246408438,0.00011295834799793337
1061,1.622385888343335,4.237755289305391e-06,1.622385888343335,0.00011270778517438295
1062,1.6243862520458265,4.229881094644867e-06,1.6243862520458265,0.0001124590176002034
1063,1.6263866157483176,4.222057657712117e-06,1.6263866157483178,0.00011221203072205607
1064,1.628386979450809,4.214284647897478e-06,1.6283869794508092,0.00011196681014997984
1065,1.6303873431533005,4.206561737559355e-06,1.6303873431533007,0.00011172334165514232
1066,1.632387706855792,4.1988886019930015e-06,1.632387706855792,0.0001114816111676289
1067,1.6343880705582832,4.191264919399667e-06,1.6343880705582834,0.00011124160477426807
1068,1.6363884342607746,4.183690370856138e-06,1.6363884342607746,0.00011100330871649245
1069,1.638388797963266,4.176164640284671e-06,1.638388797963266,0.00011076670938823547
1070,1.6403891616657575,4.1686874144232716e-06,1.6403891616657575,0.00011053179333386216
1071,1.6423895253682486,4.161258382796356e-06,1.6423895253682488,0.00011029854724613412
1072,1.64438988907074,4.153877237685776e-06,1.6443898890707402,0.00011006695796420724
1073,1.6463902527732315,4.1465436741022e-06,1.6463902527732315,0.00010983701247166262
1074,1.6483906164757225,4.139257389756842e-06,1.648390616475723,0.00010960869789456892
1075,1.650390980178214,4.132018085033533e-06,1.6503909801782144,0.00010938200149957621
1076,1.6523913438807054,4.124825462961152e-06,1.6523913438807056,0.00010915691069204078
1077,1.6543917075831969,4.11767922918638e-06,1.654391707583197,0.00010893341301417987
1078,1.656392071285688,4.110579091946789e-06,1.6563920712856883,0.00010871149614325611
1079,1.6583924349881796,4.103524762044259e-06,1.6583924349881798,0.00010849114788979113
1080,1.660392798690671,4.0965159528187276e-06,1.6603927986906712,0.00010827235619580741
1081,1.6623931623931625,4.089552380122247e-06,1.6623931623931625,0.00010805510913309847
1082,1.6643935260956535,4.082633762293357e-06,1.664393526095654,0.00010783939490152626
1083,1.666393889798145,4.075759820131778e-06,1.6663938897981447,0.00010762520182734569
1084,1.6683942535006364,4.068930276873398e-06,1.6683942535006362,0.0001074125183615553
1085,1.6703946172031274,4.0621448581655716e-06,1.6703946172031274,0.00010720133307827436
1086,1.6723949809056189,4.055403292042705e-06,1.6723949809056189,0.00010699163467314522
1087,1.6743953446081106,4.048705308902146e-06,1.6743953446081103,0.0001067834119617606
1088,1.676395708310602,4.0420506414803615e-06,1.6763957083106016,0.00010657665387811569
1089,1.678396072013093,4.035439024829394e-06,1.678396072013093,0.000106371349473084
1090,1.6803964357155845,4.0288701962936e-06,1.6803964357155843,0.00010616748791291747
1091,1.682396799418076,4.022343895486678e-06,1.6823967994180757,0.00010596505847776928
1092,1.6843971631205674,4.015859864268957e-06,1.6843971631205672,0.00010576405056023979
1093,1.6863975268230584,4.0094178467249635e-06,1.6863975268230584,0.00010556445366394485
1094,1.68839789052555,4.003017589141245e-06,1.68839789052555,0.00010536625740210608
1095,1.6903982542280414,3.996658839984476e-06,1.6903982542280411,0.00010516945149616287
1096,1.6923986179305326,3.990341349879804e-06,1.6923986179305326,0.00010497402577440552
1097,1.694398981633024,3.984064871589455e-06,1.694398981633024,0.00010477997017062935
1098,1.6963993453355155,3.977829159991602e-06,1.6963993453355153,0.00010458727472280912
1099,1.698399709038007,3.971633972059474e-06,1.6983997090380067,0.00010439592957179387
1100,1.700400072740498,3.965479066840711e-06,1.700400072740498,0.00010420592496002116
1101,1.7024004364429894,3.959364205436965e-06,1.7024004364429894,0.0001040172512302511
1102,1.704400800145481,3.953289150983733e-06,1.704400800145481,0.00010382989882431917
1103,1.7064011638479724,3.947253668630439e-06,1.7064011638479721,0.00010364385828190796
1104,1.7084015275504634,3.9412575255207404e-06,1.7084015275504636,0.00010345912023933726
1105,1.7104018912529548,3.935300490773054e-06,1.7104018912529548,0.00010327567542837221
1106,1.7124022549554463,3.929382335461334e-06,1.7124022549554463,0.00010309351467504935
1107,1.7144026186579375,3.923502832596053e-06,1.7144026186579377,0.00010291262889851999
1108,1.716402982360429,3.9176617571054055e-06,1.716402982360429,0.00010273300910991091
1109,1.7184033460629204,3.9118588858167435e-06,1.7184033460629204,0.00010255464641120167
1110,1.720403709765412,3.906093997438211e-06,1.7204037097654117,0.0001023775319941189
1111,1.722404073467903,3.9003668725406e-06,1.7224040734679031,0.00010220165713904643
1112,1.7244044371703944,3.894677293539409e-06,1.7244044371703946,0.00010202701321395188
1113,1.7264048008728858,3.889025044677118e-06,1.7264048008728858,0.0001018535916733286
1114,1.7284051645753773,3.8834099120056585e-06,1.7284051645753773,0.00010168138405715334
1115,1.7304055282778685,3.8778316833690855e-06,1.7304055282778685,0.00010151038198985898
1116,1.73240589198036,3.872290148386453e-06,1.73240589198036,0.00010134057717932239
1117,1.7344062556828514,3.866785098434884e-06,1.7344062556828514,0.00010117196141586674
1118,1.7364066193853425,3.861316326632832e-06,1.7364066193853427,0.00010100452657127848
1119,1.738406983087834,3.855883627823529e-06,1.7384069830878341,0.00010083826459783838
1120,1.7404073467903254,3.850486798558636e-06,1.7404073467903254,0.00010067316752736662
1121,1.7424077104928168,3.845125637082066e-06,1.7424077104928168,0.00010050922747028162
1122,1.7444080741953079,3.839799943313997e-06,1.7444080741953083,0.00010034643661467226
1123,1.7464084378977993,3.8345095188350604e-06,1.7464084378977995,0.00010018478722538347
1124,1.7484088016002908,3.8292541668707176e-06,1.748408801600291,0.00010002427164311495
1125,1.7504091653027822,3.824033692275809e-06,1.7504091653027822,9.986488228353253e-05
1126,1.7524095290052735,3.818847901519272e-06,1.7524095290052737,9.97066116363923e-05
1127,1.754409892707765,3.813696602669039e-06,1.7544098927077652,9.954945226467716e-05
1128,1.7564102564102564,3.808579605377099e-06,1.7564102564102564,9.939339680374548e-05
1129,1.7584106201127474,3.8034967208647385e-06,1.7584106201127478,9.923843796049186e-05
1130,1.7604109838152389,3.7984477619079264e-06,1.760410983815239,9.908456851251979e-05
1131,1.7624113475177303,3.793432542822887e-06,1.7624113475177305,9.893178130732565e-05
1132,1.7644117112202218,3.788450879451818e-06,1.764411711220222,9.87800692614944e-05
1133,1.766412074922713,3.783502589148775e-06,1.7664120749227132,9.862942535990644e-05
1134,1.7684124386252045,3.7785874907657066e-06,1.7684124386252047,9.847984265495556e-05
1135,1.770412802327696,3.7737054046386566e-06,1.770412802327696,9.833131426577762e-05
1136,1.7724131660301874,3.7688561525741077e-06,1.7724131660301874,9.818383337749023e-05
1137,1.7744135297326784,3.764039557835485e-06,1.7744135297326789,9.803739324044258e-05
1138,1.7764138934351699,3.7592554451298012e-06,1.77641389343517,9.789198716947601e-05
1139,1.7784142571376613,3.7545036405944595e-06,1.7784142571376615,9.774760854319459e-05
1140,1.7804146208401528,3.749783971784192e-06,1.7804146208401528,9.760425080324572e-05
1141,1.7824149845426438,3.7450962676581535e-06,1.7824149845426442,9.746190745361065e-05
1142,1.7844153482451353,3.740440358567141e-06,1.7844153482451353,9.732057205990475e-05
1143,1.7864157119476267,3.7358160762409755e-06,1.7864157119476265,9.718023824868723e-05
1144,1.788416075650118,3.7312232537760024e-06,1.788416075650118,9.70408997067804e-05
1145,1.7904164393526094,3.7266617256227405e-06,1.7904164393526092,9.690255018059828e-05
1146,1.7924168030551009,3.722131327573662e-06,1.7924168030551006,9.676518347548386e-05
1147,1.7944171667575923,3.717631896751109e-06,1.794417166757592,9.6628793455056e-05
1148,1.7964175304600833,3.7131632715953394e-06,1.7964175304600833,9.649337404056459e-05
1149,1.7984178941625748,3.7087252918527023e-06,1.7984178941625748,9.635891921025475e-05
1150,1.8004182578650663,3.7043177985639446e-06,1.800418257865066,9.622542299873944e-05
1151,1.8024186215675577,3.6999406340526483e-06,1.8024186215675575,9.609287949638052e-05
1152,1.804418985270049,3.695593641913781e-06,1.804418985270049,9.596128284867808e-05
1153,1.8064193489725404,3.6912766670023843e-06,1.8064193489725402,9.583062725566807e-05
1154,1.8084197126750319,3.6869895554223763e-06,1.8084197126750317,9.570090697132771e-05
1155,1.810420076377523,3.682732154515483e-06,1.810420076377523,9.557211630298906e-05
1156,1.8124204400800143,3.678504312850272e-06,1.8124204400800143,9.544424961076027e-05
1157,1.8144208037825058,3.67430588021133e-06,1.8144208037825058,9.531730130695448e-05
1158,1.8164211674849973,3.6701367075885355e-06,1.816421167484997,9.519126585552637e-05
1159,1.8184215311874883,3.665996647166458e-06,1.8184215311874885,9.506613777151593e-05
1160,1.8204218948899797,3.6618855523138623e-06,1.8204218948899797,9.494191162049994e-05
1161,1.8224222585924712,3.657803277573337e-06,1.8224222585924712,9.48185820180502e-05
1162,1.8244226222949627,3.6537496786510247e-06,1.8244226222949627,9.469614362919929e-05
1163,1.826422985997454,3.6497246124064643e-06,1.826422985997454,9.457459116791294e-05
1164,1.8284233496999454,3.645727936842544e-06,1.8284233496999454,9.44539193965696e-05
1165,1.8304237134024368,3.641759511095557e-06,1.8304237134024366,9.43341231254466e-05
1166,1.8324240771049278,3.6378191954253727e-06,1.832424077104928,9.421519721221316e-05
1167,1.8344244408074193,3.6339068512056965e-06,1.8344244408074195,9.409713656142972e-05
1168,1.8364248045099107,3.630022340914451e-06,1.8364248045099107,9.397993612405401e-05
1169,1.8384251682124022,3.6261655281242415e-06,1.8384251682124022,9.386359089695346e-05
1170,1.8404255319148932,3.622336277492943e-06,1.8404255319148934,9.374809592242369e-05
1171,1.842425895617385,3.618534454754362e-06,1.842425895617385,9.363344628771352e-05
1172,1.8444262593198764,3.6147599267090214e-06,1.8444262593198764,9.351963712455587e-05
1173,1.8464266230223678,3.611012561215027e-06,1.8464266230223676,9.340666360870457e-05
1174,1.8484269867248588,3.6072922271790323e-06,1.848426986724859,9.329452095947755e-05
1175,1.8504273504273503,3.603598794547305e-06,1.8504273504273503,9.318320443930527e-05
1176,1.8524277141298418,3.59993213429688e-06,1.8524277141298418,9.307270935328529e-05
1177,1.8544280778323328,3.5962921184268133e-06,1.8544280778323332,9.296303104874255e-05
1178,1.8564284415348242,3.592678619949516e-06,1.8564284415348244,9.28541649147949e-05
1179,1.8584288052373157,3.5890915128821893e-06,1.858428805237316,9.274610638192441e-05
1180,1.8604291689398071,3.5855306722383476e-06,1.8604291689398071,9.263885092155398e-05
1181,1.8624295326422984,3.5819959740194265e-06,1.8624295326422986,9.253239404562935e-05
1182,1.8644298963447898,3.578487295206475e-06,1.86442989634479,9.242673130620641e-05
1183,1.8664302600472813,3.575004513751949e-06,1.8664302600472813,9.232185829504356e-05
1184,1.8684306237497728,3.571547508571571e-06,1.8684306237497728,9.22177706431992e-05
1185,1.8704309874522638,3.568116159536291e-06,1.870430987452264,9.21144640206345e-05
1186,1.8724313511547552,3.564710347464317e-06,1.8724313511547555,9.201193413582074e-05
1187,1.8744317148572467,3.561329954113241e-06,1.874431714857247,9.191017673535201e-05
1188,1.8764320785597377,3.557974862172235e-06,1.8764320785597381,9.180918760356219e-05
1189,1.8784324422622292,3.5546449552543373e-06,1.8784324422622296,9.170896256214727e-05
1190,1.8804328059647206,3.551340117888812e-06,1.8804328059647208,9.160949746979182e-05
1191,1.8824331696672123,3.5480602355135885e-06,1.8824331696672123,9.151078822180046e-05
1192,1.8844335333697033,3.544805194467782e-06,1.8844335333697038,9.141283074973373e-05
1193,1.8864338970721948,3.5415748819842882e-06,1.886433897072195,9.131562102104843e-05
1194,1.8884342607746862,3.538369186182454e-06,1.8884342607746865,9.121915503874254e-05
1195,1.8904346244771777,3.535187996060825e-06,1.8904346244771777,9.112342884100412e-05
1196,1.8924349881796687,3.5320312014899677e-06,1.8924349881796692,9.102843850086515e-05
1197,1.8944353518821602,3.528898693205361e-06,1.8944353518821606,9.09341801258589e-05
1198,1.8964357155846516,3.525790362800368e-06,1.8964357155846518,9.084064985768208e-05
1199,1.8984360792871429,3.5227061027192717e-06,1.8984360792871433,9.074784387186062e-05
1200,1.9004364429896343,3.5196458062503873e-06,1.900436442989634,9.065575837741999e-05
1201,1.9024368066921258,3.5166093675192402e-06,1.9024368066921256,9.05643896165591e-05
1202,1.9044371703946172,3.5135966814818227e-06,1.9044371703946168,9.047373386432842e-05
1203,1.9064375340971083,3.510607643917906e-06,1.9064375340971083,9.038378742831195e-05
1204,1.9084378977995997,3.507642151424428e-06,1.9084378977995997,9.029454664831289e-05
1205,1.9104382615020912,3.5047001014089504e-06,1.910438261502091,9.020600789604337e-05
1206,1.9124386252045826,3.501781392083178e-06,1.9124386252045824,9.011816757481762e-05
1207,1.9144389889070736,3.498885922456541e-06,1.9144389889070736,9.003102211924901e-05
1208,1.916439352609565,3.4960135923298505e-06,1.916439352609565,8.99445679949507e-05
1209,1.9184397163120566,3.4931643022890125e-06,1.9184397163120566,8.985880169823993e-05
1210,1.920440080014548,3.4903379536988053e-06,1.9204400800145478,8.977371975584552e-05
1211,1.9224404437170393,3.4875344486967215e-06,1.9224404437170393,8.968931872461947e-05
1212,1.9244408074195307,3.484753690186869e-06,1.9244408074195305,8.96055951912513e-05
1213,1.9264411711220222,3.4819955818339406e-06,1.926441171122022,8.952254577198644e-05
1214,1.9284415348245132,3.4792600280572363e-06,1.9284415348245134,8.944016711234742e-05
1215,1.9304418985270047,3.47654693402475e-06,1.9304418985270047,8.935845588685864e-05
1216,1.932442262229496,3.473856205647312e-06,1.932442262229496,8.92774087987745e-05
1217,1.9344426259319876,3.471187749572797e-06,1.9344426259319873,8.919702257981038e-05
1218,1.9364429896344788,3.4685414731803836e-06,1.9364429896344788,8.911729398987724e-05
1219,1.9384433533369703,3.46591728457487e-06,1.9384433533369703,8.903821981681886e-05
1220,1.9404437170394617,3.4633150925810558e-06,1.9404437170394615,8.895979687615271e-05
1221,1.9424440807419532,3.460734806738172e-06,1.942444080741953,8.888202201081335e-05
1222,1.9444444444444442,3.458176337294366e-06,1.9444444444444442,8.880489209089913e-05
1223,1.9464448081469357,3.455639595201249e-06,1.9464448081469357,8.872840401342182e-05
1224,1.9484451718494271,3.4531244921084896e-06,1.9484451718494271,8.865255470205915e-05
1225,1.9504455355519181,3.4506309403584665e-06,1.9504455355519184,8.857734110691012e-05
1226,1.9524458992544096,3.448158852980971e-06,1.9524458992544098,8.85027602042533e-05
1227,1.954446262956901,3.445708143687962e-06,1.954446262956901,8.842880899630795e-05
1228,1.9564466266593925,3.4432787268683827e-06,1.9564466266593925,8.83554845109977e-05
1229,1.9584469903618837,3.440870517583011e-06,1.958446990361884,8.828278380171742e-05
1230,1.9604473540643752,3.438483431559376e-06,1.9604473540643752,8.821070394710208e-05
1231,1.9624477177668667,3.436117385186717e-06,1.9624477177668667,8.813924205079903e-05
1232,1.9644480814693581,3.433772295510999e-06,1.964448081469358,8.806839524124239e-05
1233,1.9664484451718491,3.431448080229969e-06,1.9664484451718494,8.799816067143036e-05
1234,1.9684488088743406,3.4291446576882655e-06,1.9684488088743408,8.792853551870471e-05
1235,1.970449172576832,3.426861946872579e-06,1.970449172576832,8.785951698453325e-05
1236,1.9724495362793233,3.4245998674068586e-06,1.9724495362793235,8.779110229429447e-05
1237,1.9744498999818147,3.422358339547556e-06,1.9744498999818147,8.772328869706482e-05
1238,1.9764502636843062,3.420137284178937e-06,1.9764502636843062,8.765607346540832e-05
1239,1.9784506273867977,3.4179366228084184e-06,1.9784506273867977,8.75894538951685e-05
1240,1.9804509910892887,3.4157562775619637e-06,1.980450991089289,8.752342730526303e-05
1241,1.9824513547917801,3.413596171179515e-06,1.9824513547917804,8.745799103748032e-05
1242,1.9844517184942716,3.4114562270104825e-06,1.9844517184942716,8.739314245627865e-05
1243,1.986452082196763,3.4093363690092625e-06,1.986452082196763,8.732887894858734e-05
1244,1.988452445899254,3.407236521730811e-06,1.9884524458992545,8.726519792361065e-05
1245,1.9904528096017455,3.405156610326256e-06,1.9904528096017458,8.720209681263333e-05
1246,1.992453173304237,3.4030965605385515e-06,1.9924531733042372,8.713957306882877e-05
1247,1.9944535370067282,3.4010562986981805e-06,1.9944535370067284,8.707762416706907e-05
1248,1.9964539007092197,3.3990357517188906e-06,1.99645390070922,8.701624760373745e-05
1249,1.9984542644117111,3.3970348470934795e-06,1.9984542644117114,8.695544089654259e-05
1250,2.0004546281142024,3.3950535128896157e-06,2.000454628114203,8.689520158433524e-05
1251,2.002454991816694,3.393091677745705e-06,2.002454991816694,8.683552722692662e-05
1252,2.0044553555191853,3.3911492708667923e-06,2.0044553555191853,8.677641540490914e-05
1253,2.0064557192216768,3.3892262220205076e-06,2.0064557192216768,8.671786371947912e-05
1254,2.008456082924168,3.387322461533051e-06,2.008456082924168,8.665986979226108e-05
1255,2.0104564466266592,3.3854379202852114e-06,2.0104564466266597,8.660243126513444e-05
1256,2.0124568103291507,3.383572529708432e-06,2.0124568103291507,8.654554580006213e-05
1257,2.014457174031642,3.381726221780905e-06,2.014457174031642,8.64892110789208e-05
1258,2.016457537734133,3.3798989290237193e-06,2.0164575377341336,8.64334248033331e-05
1259,2.0184579014366246,3.378090584497024e-06,2.0184579014366246,8.637818469450189e-05
1260,2.020458265139116,3.3763011217962456e-06,2.020458265139116,8.632348849304618e-05
1261,2.0224586288416075,3.374530475048342e-06,2.022458628841607,8.626933395883896e-05
1262,2.0244589925440986,3.3727785789080804e-06,2.0244589925440986,8.621571887084667e-05
1263,2.02645935624659,3.3710453685543587e-06,2.02645935624659,8.61626410269707e-05
1264,2.0284597199490815,3.3693307796865715e-06,2.0284597199490815,8.611009824389045e-05
1265,2.030460083651573,3.367634748520991e-06,2.030460083651573,8.60580883569081e-05
1266,2.032460447354064,3.365957211787205e-06,2.032460447354064,8.60066092197952e-05
1267,2.0344608110565554,3.3642981067245683e-06,2.0344608110565554,8.595565870464096e-05
1268,2.036461174759047,3.3626573710787076e-06,2.036461174759047,8.590523470170208e-05
1269,2.0384615384615383,3.361034943098047e-06,2.0384615384615383,8.585533511925428e-05
1270,2.04046190216403,3.359430761530371e-06,2.04046190216403,8.580595788344552e-05
1271,2.0424622658665212,3.357844765619424e-06,2.042462265866521,8.57571009381508e-05
1272,2.0444626295690127,3.3562768951015378e-06,2.0444626295690123,8.570876224482841e-05
1273,2.0464629932715037,3.3547270902022944e-06,2.0464629932715037,8.566093978237802e-05
1274,2.048463356973995,3.3531952916332176e-06,2.048463356973995,8.561363154700006e-05
1275,2.0504637206764866,3.3516814405885084e-06,2.0504637206764866,8.55668355520568e-05
1276,2.052464084378978,3.350185478741789e-06,2.0524640843789776,8.55205498279348e-05
1277,2.054464448081469,3.348707348242903e-06,2.054464448081469,8.547477242190903e-05
1278,2.0564648117839606,3.3472469917147313e-06,2.0564648117839606,8.542950139800833e-05
1279,2.058465175486452,3.3458043522500402e-06,2.058465175486452,8.538473483688231e-05
1280,2.060465539188943,3.3443793734083696e-06,2.0604655391889435,8.534047083566988e-05
1281,2.0624659028914345,3.342971999212936e-06,2.0624659028914345,8.529670750786901e-05
1282,2.064466266593926,3.34158217414758e-06,2.064466266593926,8.525344298320794e-05
1283,2.0664666302964174,3.340209843153732e-06,2.0664666302964174,8.521067540751787e-05
1284,2.0684669939989084,3.3388549516274148e-06,2.068466993998909,8.5168402942607e-05
1285,2.0704673577014,3.337517445416271e-06,2.0704673577014003,8.512662376613577e-05
1286,2.0724677214038913,3.3361972708166177e-06,2.0724677214038913,8.508533607149365e-05
1287,2.074468085106383,3.3348943745705374e-06,2.074468085106383,8.504453806767721e-05
1288,2.0764684488088743,3.333608703862987e-06,2.0764684488088743,8.500422797916947e-05
1289,2.0784688125113657,3.3323402063189395e-06,2.0784688125113657,8.496440404582044e-05
1290,2.080469176213857,3.331088830000555e-06,2.080469176213857,8.492506452272916e-05
1291,2.0824695399163486,3.329854523404374e-06,2.082469539916348,8.488620768012688e-05
1292,2.0844699036188397,3.328637235458545e-06,2.0844699036188397,8.484783180326153e-05
1293,2.086470267321331,3.3274369155200688e-06,2.086470267321331,8.480993519228339e-05
1294,2.0884706310238226,3.3262535133720788e-06,2.0884706310238226,8.477251616213194e-05
1295,2.0904709947263136,3.325086979221142e-06,2.090470994726314,8.473557304242408e-05
1296,2.092471358428805,3.323937263694588e-06,2.092471358428805,8.469910417734352e-05
1297,2.0944717221312965,3.3228043178378626e-06,2.0944717221312965,8.466310792553105e-05
1298,2.096472085833788,3.321688093111911e-06,2.096472085833788,8.462758265997646e-05
1299,2.098472449536279,3.320588541390577e-06,2.0984724495362794,8.459252676791122e-05
1300,2.1004728132387704,3.319505614958039e-06,2.100472813238771,8.45579386507026e-05
1301,2.102473176941262,3.31843926650626e-06,2.102473176941262,8.452381672374859e-05
1302,2.1044735406437534,3.317389449132473e-06,2.1044735406437534,8.449015941637421e-05
1303,2.1064739043462444,3.316356116336677e-06,2.106473904346245,8.445696517172898e-05
1304,2.108474268048736,3.3153392220191747e-06,2.1084742680487363,8.442423244668511e-05
1305,2.1104746317512273,3.3143387204781137e-06,2.1104746317512277,8.439195971173715e-05
1306,2.1124749954537183,3.3133545664070697e-06,2.1124749954537188,8.436014545090245e-05
1307,2.1144753591562098,3.3123867148926424e-06,2.11447535915621,8.432878816162294e-05
1308,2.1164757228587017,3.31143512141208e-06,2.1164757228587017,8.429788635466772e-05
1309,2.118476086561193,3.3104997418309187e-06,2.118476086561193,8.426743855403666e-05
1310,2.120476450263684,3.309580532400658e-06,2.1204764502636846,8.423744329686532e-05
1311,2.1224768139661756,3.308677449756446e-06,2.1224768139661756,8.42078991333306e-05
1312,2.124477177668667,3.3077904509147945e-06,2.124477177668667,8.417880462655743e-05
1313,2.1264775413711585,3.3069194932713118e-06,2.1264775413711585,8.415015835252652e-05
1314,2.1284779050736495,3.306064534598464e-06,2.12847790507365,8.412195889998316e-05
1315,2.130478268776141,3.3052255330433494e-06,2.1304782687761414,8.409420487034673e-05
1316,2.1324786324786325,3.3044024471255016e-06,2.1324786324786325,8.406689487762144e-05
1317,2.1344789961811235,3.3035952357347115e-06,2.1344789961811235,8.404002754830789e-05
1318,2.136479359883615,3.302803858128866e-06,2.136479359883615,8.401360152131546e-05
1319,2.1384797235861064,3.3020282739318183e-06,2.1384797235861064,8.398761544787594e-05
1320,2.140480087288598,3.301268443131268e-06,2.1404800872885974,8.396206799145771e-05
1321,2.142480450991089,3.3005243260766695e-06,2.142480450991089,8.393695782768107e-05
1322,2.1444808146935803,3.2997958834771546e-06,2.1444808146935803,8.391228364423438e-05
1323,2.1464811783960718,3.299083076399481e-06,2.1464811783960718,8.388804414079107e-05
1324,2.1484815420985632,3.2983858662659982e-06,2.1484815420985632,8.386423802892759e-05
1325,2.1504819058010542,3.297704214852633e-06,2.1504819058010542,8.384086403204216e-05
1326,2.1524822695035457,3.2970380842868964e-06,2.1524822695035457,8.38179208852744e-05
1327,2.154482633206037,3.2963874370459058e-06,2.154482633206037,8.379540733542587e-05
1328,2.1564829969085286,3.295752235954434e-06,2.1564829969085286,8.377332214088134e-05
1329,2.15848336061102,3.2951324441829714e-06,2.15848336061102,8.375166407153096e-05
1330,2.1604837243135115,3.2945280252458076e-06,2.160483724313511,8.373043190869323e-05
1331,2.162484088016003,3.293938942999133e-06,2.1624840880160026,8.37096244450389e-05
1332,2.164484451718494,3.2933651616391645e-06,2.164484451718494,8.368924048451535e-05
1333,2.1664848154209855,3.292806645700278e-06,2.1664848154209855,8.366927884227222e-05
1334,2.168485179123477,3.2922633600531686e-06,2.168485179123477,8.36497383445874e-05
1335,2.1704855428259684,3.2917352699030287e-06,2.170485542825968,8.363061782879421e-05
1336,2.1724859065284594,3.291222340787737e-06,2.1724859065284594,8.361191614320887e-05
1337,2.174486270230951,3.2907245385760747e-06,2.174486270230951,8.359363214705925e-05
1338,2.1764866339334423,3.2902418294659523e-06,2.1764866339334423,8.357576471041395e-05
1339,2.1784869976359333,3.289774179982657e-06,2.178486997635934,8.355831271411246e-05
1340,2.180487361338425,3.28932155697712e-06,2.180487361338425,8.354127504969573e-05
1341,2.1824877250409163,3.2888839276241928e-06,2.1824877250409163,8.352465061933779e-05
1342,2.1844880887434077,3.2884612594209526e-06,2.1844880887434077,8.350843833577791e-05
1343,2.1864884524458987,3.2880535201850147e-06,2.186488452445899,8.349263712225353e-05
1344,2.18848881614839,3.287660678052865e-06,2.1884888161483906,8.347724591243385e-05
1345,2.1904891798508817,3.2872827014782116e-06,2.1904891798508817,8.346226365035424e-05
1346,2.192489543553373,3.2869195592303525e-06,2.192489543553373,8.344768929035125e-05
1347,2.1944899072558646,3.286571220392554e-06,2.1944899072558646,8.343352179699832e-05
1348,2.196490270958356,3.286237654360453e-06,2.196490270958356,8.34197601450422e-05
1349,2.1984906346608475,3.2859188308404715e-06,2.1984906346608475,8.340640331934002e-05
1350,2.2004909983633385,3.2856147198482494e-06,2.2004909983633385,8.33934503147971e-05
1351,2.20249136206583,3.2853252917070888e-06,2.20249136206583,8.338090013630526e-05
1352,2.2044917257683214,3.2850505170464196e-06,2.2044917257683214,8.336875179868202e-05
1353,2.206492089470813,3.284790366800277e-06,2.206492089470813,8.335700432661025e-05
1354,2.208492453173304,3.284544812205798e-06,2.2084924531733043,8.334565675457845e-05
1355,2.2104928168757954,3.2843138248017288e-06,2.2104928168757954,8.333470812682202e-05
1356,2.212493180578287,3.2840973764269498e-06,2.212493180578287,8.33241574972646e-05
1357,2.2144935442807783,3.283895439219017e-06,2.2144935442807783,8.331400392946043e-05
1358,2.2164939079832693,3.283707985612721e-06,2.2164939079832697,8.330424649653735e-05
1359,2.2184942716857607,3.2835349883386457e-06,2.218494271685761,8.329488428114006e-05
1360,2.220494635388252,3.283376420421767e-06,2.220494635388252,8.328591637537447e-05
1361,2.2224949990907437,3.283232255180046e-06,2.2224949990907437,8.327734188075212e-05
1362,2.2244953627932347,3.283102466223041e-06,2.224495362793235,8.326915990813567e-05
1363,2.226495726495726,3.2829870274505404e-06,2.2264957264957266,8.326136957768477e-05
1364,2.2284960901982176,3.2828859130512074e-06,2.228496090198218,8.325397001880242e-05
1365,2.230496453900709,3.2827990975012294e-06,2.230496453900709,8.324696037008201e-05
1366,2.2324968176032005,3.282726555563e-06,2.2324968176032005,8.324033977925507e-05
1367,2.234497181305692,3.2826682622837965e-06,2.234497181305692,8.323410740313934e-05
1368,2.2364975450081834,3.2826241929944813e-06,2.2364975450081834,8.322826240758748e-05
1369,2.2384979087106744,3.2825943233082187e-06,2.238497908710675,8.322280396743647e-05
1370,2.240498272413166,3.2825786291191987e-06,2.240498272413166,8.321773126645741e-05
1371,2.2424986361156574,3.2825770866013767e-06,2.2424986361156574,8.321304349730587e-05
1372,2.244498999818149,3.2825896722072308e-06,2.244498999818149,8.320873986147286e-05
1373,2.24649936352064,3.2826163626665264e-06,2.2464993635206403,8.320481956923638e-05
1374,2.2484997272231313,3.282657134985099e-06,2.2484997272231317,8.320128183961328e-05
1375,2.2505000909256228,3.2827119664436466e-06,2.2505000909256228,8.319812590031185e-05
1376,2.2525004546281138,3.282780834596539e-06,2.2525004546281138,8.319535098768494e-05
1377,2.2545008183306052,3.282863717270634e-06,2.2545008183306052,8.319295634668335e-05
1378,2.2565011820330967,3.2829605925641154e-06,2.2565011820330967,8.319094123081015e-05
1379,2.258501545735588,3.283071438845335e-06,2.258501545735588,8.318930490207499e-05
1380,2.260501909438079,3.2831962347516713e-06,2.260501909438079,8.318804663094942e-05
1381,2.2625022731405706,3.283334959188404e-06,2.2625022731405706,8.318716569632235e-05
1382,2.264502636843062,3.283487591327594e-06,2.264502636843062,8.318666138545611e-05
1383,2.2665030005455535,3.2836541106069806e-06,2.2665030005455535,8.318653299394317e-05
1384,2.268503364248045,3.28383449672889e-06,2.268503364248045,8.31867798256629e-05
1385,2.2705037279505365,3.2840287296591582e-06,2.270503727950536,8.318740119273953e-05
1386,2.272504091653028,3.28423678962606e-06,2.2725040916530275,8.318839641549966e-05
1387,2.274504455355519,3.284458657119256e-06,2.274504455355519,8.318976482243116e-05
1388,2.2765048190580104,3.2846943128887516e-06,2.2765048190580104,8.319150575014185e-05
1389,2.278505182760502,3.2849437379438626e-06,2.278505182760502,8.319361854331906e-05
1390,2.2805055464629933,3.2852069135521963e-06,2.280505546462993,8.319610255468948e-05
1391,2.2825059101654843,3.285483821238647e-06,2.2825059101654843,8.319895714497935e-05
1392,2.284506273867976,3.2857744427843976e-06,2.284506273867976,8.320218168287538e-05
1393,2.2865066375704672,3.2860787602259357e-06,2.2865066375704672,8.320577554498595e-05
1394,2.2885070012729587,3.286396755854081e-06,2.2885070012729587,8.320973811580281e-05
1395,2.2905073649754497,3.286728412213027e-06,2.2905073649754497,8.321406878766309e-05
1396,2.292507728677941,3.287073712099385e-06,2.292507728677941,8.321876696071185e-05
1397,2.2945080923804326,3.2874326385612517e-06,2.2945080923804326,8.322383204286522e-05
1398,2.2965084560829236,3.2878051748972785e-06,2.296508456082924,8.322926344977358e-05
1399,2.298508819785415,3.288191304655756e-06,2.2985088197854155,8.323506060478563e-05
1400,2.3005091834879066,3.2885910116337084e-06,2.3005091834879066,8.324122293891243e-05
1401,2.302509547190398,3.2890042798760008e-06,2.302509547190398,8.324774989079221e-05
1402,2.3045099108928895,3.289431093674454e-06,2.3045099108928895,8.325464090665544e-05
1403,2.306510274595381,3.2898714375669743e-06,2.306510274595381,8.326189544029022e-05
1404,2.3085106382978724,3.2903252963366904e-06,2.3085106382978724,8.326951295300835e-05
1405,2.310511002000364,3.2907926550111017e-06,2.3105110020003634,8.327749291361157e-05
1406,2.312511365702855,3.29127349886124e-06,2.312511365702855,8.328583479835822e-05
1407,2.3145117294053463,3.291767813400841e-06,2.3145117294053463,8.329453809093052e-05
1408,2.316512093107838,3.292275584385519e-06,2.316512093107838,8.330360228240182e-05
1409,2.318512456810329,3.2927967978119655e-06,2.3185124568103292,8.33130268712047e-05
1410,2.3205128205128203,3.293331439917148e-06,2.3205128205128203,8.332281136309932e-05
1411,2.3225131842153117,3.293879497177518e-06,2.3225131842153117,8.333295527114182e-05
1412,2.324513547917803,3.294440956308242e-06,2.324513547917803,8.334345811565361e-05
1413,2.326513911620294,3.295015804262426e-06,2.3265139116202946,8.335431942419077e-05
1414,2.3285142753227857,3.295604028230361e-06,2.328514275322786,8.336553873151378e-05
1415,2.330514639025277,3.296205615638776e-06,2.330514639025277,8.33771155795578e-05
1416,2.3325150027277686,3.2968205541501008e-06,2.3325150027277686,8.338904951740314e-05
1417,2.3345153664302596,3.2974488316617375e-06,2.33451536643026,8.340134010124633e-05
1418,2.336515730132751,3.298090436305343e-06,2.3365157301327515,8.341398689437123e-05
1419,2.3385160938352425,3.298745356446123e-06,2.338516093835243,8.342698946712084e-05
1420,2.340516457537734,3.299413580682133e-06,2.340516457537734,8.344034739686923e-05
1421,2.3425168212402254,3.300095097843589e-06,2.3425168212402254,8.345406026799393e-05
1422,2.344517184942717,3.300789896992191e-06,2.344517184942717,8.346812767184871e-05
1423,2.3465175486452083,3.3014979674204536e-06,2.3465175486452083,8.348254920673659e-05
1424,2.3485179123476994,3.3022192986510446e-06,2.3485179123477,8.349732447788329e-05
1425,2.350518276050191,3.302953880436139e-06,2.350518276050191,8.351245309741099e-05
1426,2.3525186397526823,3.3037017027567755e-06,2.3525186397526823,8.352793468431252e-05
1427,2.3545190034551737,3.3044627558222263e-06,2.3545190034551737,8.354376886442575e-05
1428,2.3565193671576647,3.3052370300693762e-06,2.356519367157665,8.35599552704084e-05
1429,2.358519730860156,3.3060245161621096e-06,2.3585197308601566,8.357649354171322e-05
1430,2.3605200945626477,3.30682520499071e-06,2.3605200945626477,8.359338332456343e-05
1431,2.362520458265139,3.30763908767126e-06,2.362520458265139,8.361062427192848e-05
1432,2.36452082196763,3.308466155545064e-06,2.3645208219676306,8.362821604350033e-05
1433,2.3665211856701216,3.309306400178067e-06,2.366521185670122,8.364615830566971e-05
1434,2.368521549372613,3.3101598133602904e-06,2.368521549372613,8.36644507315031e-05
1435,2.370521913075104,3.311026387105276e-06,2.370521913075104,8.36830930007197e-05
1436,2.3725222767775955,3.3119061136495354e-06,2.3725222767775955,8.370208479966892e-05
1437,2.374522640480087,3.3127989854520097e-06,2.374522640480087,8.372142582130818e-05
1438,2.3765230041825784,3.31370499519354e-06,2.3765230041825784,8.374111576518083e-05
1439,2.37852336788507,3.3146241357763476e-06,2.37852336788507,8.376115433739473e-05
1440,2.3805237315875614,3.315556400323516e-06,2.380523731587561,8.37815412506007e-05
1441,2.382524095290053,3.3165017821784925e-06,2.3825240952900524,8.380227622397179e-05
1442,2.3845244589925443,3.3174602749045877e-06,2.384524458992544,8.382335898318243e-05
1443,2.3865248226950353,3.3184318722844903e-06,2.3865248226950353,8.384478926038801e-05
1444,2.3885251863975268,3.3194165683197883e-06,2.3885251863975268,8.386656679420493e-05
1445,2.390525550100018,3.3204143572305034e-06,2.3905255501000178,8.388869132969077e-05
1446,2.3925259138025092,3.3214252334546238e-06,2.3925259138025092,8.391116261832483e-05
1447,2.3945262775050007,3.3224491916476545e-06,2.3945262775050007,8.393398041798886e-05
1448,2.396526641207492,3.3234862266821726e-06,2.396526641207492,8.395714449294832e-05
1449,2.3985270049099836,3.3245363336473924e-06,2.3985270049099836,8.398065461383374e-05
1450,2.4005273686124746,3.3255995078487384e-06,2.4005273686124746,8.400451055762242e-05
1451,2.402527732314966,3.3266757448074248e-06,2.402527732314966,8.402871210762036e-05
1452,2.4045280960174575,3.327765040260046e-06,2.4045280960174575,8.405325905344477e-05
1453,2.406528459719949,3.328867390158174e-06,2.406528459719949,8.407815119100636e-05
1454,2.40852882342244,3.3299827906679638e-06,2.4085288234224405,8.410338832249241e-05
1455,2.4105291871249315,3.3311112381697696e-06,2.4105291871249315,8.412897025634985e-05
1456,2.412529550827423,3.3322527292577655e-06,2.412529550827423,8.41548968072687e-05
1457,2.4145299145299144,3.3334072607395764e-06,2.4145299145299144,8.418116779616578e-05
1458,2.416530278232406,3.334574829635917e-06,2.416530278232406,8.420778305016871e-05
1459,2.4185306419348973,3.335755433180239e-06,2.4185306419348973,8.423474240260014e-05
1460,2.4205310056373888,3.3369490688183845e-06,2.4205310056373883,8.426204569296234e-05
1461,2.42253136933988,3.3381557342082505e-06,2.42253136933988,8.428969276692207e-05
1462,2.4245317330423712,3.339375427219459e-06,2.4245317330423712,8.431768347629557e-05
1463,2.4265320967448627,3.34060814593304e-06,2.4265320967448627,8.434601767903392e-05
1464,2.428532460447354,3.341853888641107e-06,2.428532460447354,8.437469523920886e-05
1465,2.430532824149845,3.3431126538465674e-06,2.430532824149845,8.440371602699851e-05
1466,2.4325331878523366,3.344384440262813e-06,2.4325331878523366,8.443307991867359e-05
1467,2.434533551554828,3.3456692468134375e-06,2.434533551554828,8.446278679658392e-05
1468,2.436533915257319,3.3469670726319504e-06,2.4365339152573195,8.449283654914502e-05
1469,2.4385342789598106,3.348277917061509e-06,2.438534278959811,8.45232290708253e-05
1470,2.440534642662302,3.3496017796546454e-06,2.440534642662302,8.4553964262133e-05
1471,2.4425350063647935,3.3509386601730146e-06,2.4425350063647935,8.458504202960387e-05
1472,2.4445353700672845,3.352288558587139e-06,2.444535370067285,8.461646228578886e-05
1473,2.446535733769776,3.3536514750761716e-06,2.4465357337697764,8.464822494924225e-05
1474,2.4485360974722674,3.355027410027656e-06,2.448536097472268,8.468032994450971e-05
1475,2.450536461174759,3.3564163640372993e-06,2.450536461174759,8.4712777202117e-05
1476,2.45253682487725,3.357818337908758e-06,2.4525368248772503,8.474556665855867e-05
1477,2.454537188579742,3.3592333326534213e-06,2.454537188579742,8.477869825628715e-05
1478,2.4565375522822332,3.360661349490203e-06,2.4565375522822332,8.481217194370197e-05
1479,2.4585379159847243,3.3621023898453576e-06,2.4585379159847247,8.484598767513934e-05
1480,2.4605382796872157,3.363556455352276e-06,2.4605382796872157,8.488014541086198e-05
1481,2.462538643389707,3.365023547851315e-06,2.462538643389707,8.491464511704905e-05
1482,2.4645390070921986,3.366503669389616e-06,2.4645390070921986,8.494948676578655e-05
1483,2.4665393707946897,3.367996822220946e-06,2.46653937079469,8.498467033505778e-05
1484,2.468539734497181,3.3695030088055296e-06,2.4685397344971816,8.502019580873415e-05
1485,2.4705400981996726,3.371022231809906e-06,2.4705400981996726,8.505606317656619e-05
1486,2.472540461902164,3.372554494106778e-06,2.472540461902164,8.509227243417489e-05
1487,2.474540825604655,3.374099798774879e-06,2.4745408256046555,8.51288235830431e-05
1488,2.4765411893071465,3.375658149098844e-06,2.476541189307147,8.516571663050735e-05
1489,2.478541553009638,3.377229548569087e-06,2.4785415530096384,8.520295158974986e-05
1490,2.480541916712129,3.378814000881686e-06,2.4805419167121294,8.524052847979076e-05
1491,2.4825422804146204,3.380411509938277e-06,2.482542280414621,8.527844732548055e-05
1492,2.484542644117112,3.382022079845953e-06,2.4845426441171123,8.531670815749283e-05
1493,2.4865430078196034,3.383645714917174e-06,2.4865430078196034,8.535531101231731e-05
1494,2.4885433715220944,3.38528241966968e-06,2.4885433715220944,8.539425593225284e-05
1495,2.490543735224586,3.3869321988264143e-06,2.490543735224586,8.543354296540103e-05
1496,2.4925440989270773,3.3885950573154544e-06,2.4925440989270773,8.547317216565982e-05
1497,2.494544462629569,3.390271000269947e-06,2.4945444626295687,8.551314359271735e-05
1498,2.49654482633206,3.391960033028051e-06,2.49654482633206,8.555345731204614e-05
1499,2.4985451900345517,3.393662161132896e-06,2.4985451900345512,8.559411339489748e-05
1500,2.500545553737043,3.395377390332534e-06,2.5005455537370427,8.563511191829594e-05
1501,2.5025459174395346,3.3971057265799087e-06,2.502545917439534,8.567645296503428e-05
1502,2.5045462811420256,3.398847176032827e-06,2.5045462811420256,8.571813662366839e-05
1503,2.506546644844517,3.400601745053946e-06,2.506546644844517,8.576016298851277e-05
1504,2.5085470085470085,3.402369440210749e-06,2.508547008547008,8.580253215963598e-05
1505,2.5105473722494995,3.404150268275555e-06,2.5105473722494995,8.584524424285622e-05
1506,2.512547735951991,3.4059442362255096e-06,2.512547735951991,8.588829934973749e-05
1507,2.5145480996544824,3.407751351242601e-06,2.5145480996544824,8.593169759758583e-05
1508,2.516548463356974,3.4095716207136747e-06,2.516548463356974,8.597543910944561e-05
1509,2.518548827059465,3.411405052230456e-06,2.518548827059465,8.601952401409621e-05
1510,2.5205491907619564,3.413251653589587e-06,2.5205491907619564,8.606395244604901e-05
1511,2.522549554464448,3.415111432792656e-06,2.522549554464448,8.610872454554441e-05
1512,2.5245499181669393,3.4169843980462544e-06,2.5245499181669393,8.615384045854919e-05
1513,2.5265502818694303,3.4188705577620173e-06,2.5265502818694308,8.619930033675413e-05
1514,2.5285506455719218,3.4207699205566943e-06,2.5285506455719218,8.624510433757163e-05
1515,2.5305510092744132,3.4226824952522083e-06,2.5305510092744132,8.629125262413392e-05
1516,2.5325513729769047,3.4246082908757364e-06,2.5325513729769047,8.633774536529116e-05
1517,2.534551736679396,3.426547316659789e-06,2.534551736679396,8.638458273560999e-05
1518,2.5365521003818876,3.428499582042294e-06,2.5365521003818876,8.643176491537202e-05
1519,2.538552464084379,3.430465096666702e-06,2.5385524640843786,8.6479292090573e-05
1520,2.54055282778687,3.43244387038208e-06,2.54055282778687,8.652716445292175e-05
1521,2.5425531914893615,3.4344359132432287e-06,2.5425531914893615,8.657538219983954e-05
1522,2.544553555191853,3.436441235510796e-06,2.544553555191853,8.662394553445964e-05
1523,2.5465539188943445,3.4384598476514013e-06,2.5465539188943445,8.667285466562718e-05
1524,2.5485542825968355,3.440491760337769e-06,2.5485542825968355,8.67221098078991e-05
1525,2.550554646299327,3.442536984448869e-06,2.550554646299327,8.677171118154435e-05
1526,2.5525550100018184,3.4445955310700564e-06,2.5525550100018184,8.682165901254431e-05
1527,2.5545553737043094,3.4466674114932324e-06,2.55455537370431,8.687195353259354e-05
1528,2.556555737406801,3.448752637217e-06,2.5565557374068013,8.692259497910072e-05
1529,2.5585561011092923,3.4508512199468317e-06,2.5585561011092923,8.697358359518946e-05
1530,2.560556464811784,3.452963171595246e-06,2.560556464811784,8.702491962969989e-05
1531,2.562556828514275,3.4550885042819883e-06,2.5625568285142752,8.707660333719016e-05
1532,2.5645571922167663,3.4572272303342193e-06,2.5645571922167667,8.712863497793809e-05
1533,2.5665575559192577,3.4593793622867153e-06,2.566557555919258,8.718101481794321e-05
1534,2.568557919621749,3.461544912882065e-06,2.568557919621749,8.723374312892893e-05
1535,2.5705582833242406,3.463723895070885e-06,2.5705582833242406,8.728682018834495e-05
1536,2.572558647026732,3.4659163220120383e-06,2.572558647026732,8.734024627936993e-05
1537,2.5745590107292236,3.468122207072853e-06,2.5745590107292236,8.739402169091427e-05
1538,2.5765593744317146,3.470341563829363e-06,2.576559374431715,8.744814671762317e-05
1539,2.578559738134206,3.4725744060665435e-06,2.578559738134206,8.750262165987994e-05
1540,2.5805601018366975,3.4748207477785556e-06,2.5805601018366975,8.755744682380954e-05
1541,2.582560465539189,3.4770806031690057e-06,2.582560465539189,8.761262252128222e-05
1542,2.58456082924168,3.4793539866511996e-06,2.5845608292416804,8.766814906991734e-05
1543,2.5865611929441714,3.481640912848419e-06,2.586561192944172,8.772402679308782e-05
1544,2.588561556646663,3.4839413965941915e-06,2.588561556646663,8.778025601992419e-05
1545,2.5905619203491543,3.4862554529325767e-06,2.5905619203491543,8.783683708531935e-05
1546,2.5925622840516453,3.4885830971184524e-06,2.592562284051646,8.789377032993331e-05
1547,2.594562647754137,3.490924344617819e-06,2.5945626477541373,8.79510561001982e-05
1548,2.5965630114566283,3.4932792111080994e-06,2.5965630114566287,8.800869474832352e-05
1549,2.5985633751591193,3.4956477124784503e-06,2.5985633751591197,8.806668663230152e-05
1550,2.6005637388616107,3.4980298648300856e-06,2.600563738861611,8.812503211591301e-05
1551,2.602564102564102,3.5004256844766034e-06,2.602564102564102,8.818373156873301e-05
1552,2.6045644662665937,3.502835187944315e-06,2.6045644662665937,8.824278536613715e-05
1553,2.606564829969085,3.5052583919725925e-06,2.606564829969085,8.830219388930765e-05
1554,2.6085651936715766,3.5076953135142156e-06,2.608565193671576,8.836195752524018e-05
1555,2.610565557374068,3.5101459697357267e-06,2.6105655573740676,8.842207666675033e-05
1556,2.6125659210765595,3.5126103780177972e-06,2.612565921076559,8.848255171248075e-05
1557,2.6145662847790505,3.515088555955595e-06,2.6145662847790505,8.854338306690824e-05
1558,2.616566648481542,3.517580521359168e-06,2.616566648481542,8.860457114035128e-05
1559,2.6185670121840334,3.520086292253829e-06,2.618567012184033,8.866611634897755e-05
1560,2.6205673758865244,3.522605886880543e-06,2.6205673758865244,8.87280191148117e-05
1561,2.622567739589016,3.52513932369634e-06,2.622567739589016,8.879027986574364e-05
1562,2.6245681032915074,3.527686621374713e-06,2.6245681032915074,8.88528990355366e-05
1563,2.626568466993999,3.5302477988060396e-06,2.626568466993999,8.891587706383573e-05
1564,2.62856883069649,3.5328228750980046e-06,2.62856883069649,8.897921439617683e-05
1565,2.6305691943989813,3.535411869576031e-06,2.6305691943989813,8.904291148399515e-05
1566,2.6325695581014728,3.538014801783719e-06,2.6325695581014728,8.91069687846348e-05
1567,2.634569921803964,3.5406316914832923e-06,2.634569921803964,8.917138676135792e-05
1568,2.6365702855064552,3.5432625586560494e-06,2.6365702855064557,8.923616588335428e-05
1569,2.6385706492089467,3.5459074235028358e-06,2.6385706492089467,8.930130662575124e-05
1570,2.640571012911438,3.548566306444497e-06,2.640571012911438,8.936680946962369e-05
1571,2.6425713766139296,3.551239228122367e-06,2.6425713766139296,8.94326749020044e-05
1572,2.644571740316421,3.553926209398755e-06,2.644571740316421,8.949890341589433e-05
1573,2.6465721040189125,3.5566272713574254e-06,2.6465721040189125,8.956549551027352e-05
1574,2.648572467721404,3.5593424353041118e-06,2.6485724677214035,8.963245169011196e-05
1575,2.650572831423895,3.5620717227670136e-06,2.650572831423895,8.969977246638075e-05
1576,2.6525731951263865,3.5648151554973216e-06,2.6525731951263865,8.97674583560634e-05
1577,2.654573558828878,3.567572755469735e-06,2.654573558828878,8.98355098821676e-05
1578,2.6565739225313694,3.5703445448829964e-06,2.6565739225313694,8.990392757373689e-05
1579,2.6585742862338604,3.573130546160426e-06,2.6585742862338604,8.997271196586285e-05
1580,2.660574649936352,3.575930781950476e-06,2.660574649936352,9.004186359969723e-05
1581,2.6625750136388433,3.57874527512728e-06,2.6625750136388433,9.011138302246457e-05
1582,2.6645753773413348,3.5815740487912207e-06,2.6645753773413348,9.01812707874749e-05
1583,2.6665757410438258,3.5844171262694946e-06,2.666575741043826,9.025152745413674e-05
1584,2.6685761047463172,3.5872745311166983e-06,2.6685761047463172,9.032215358797019e-05
1585,2.6705764684488087,3.590146287115412e-06,2.6705764684488087,9.039314976062048e-05
1586,2.6725768321512997,3.5930324182767915e-06,2.6725768321513,9.046451654987149e-05
1587,2.674577195853791,3.5959329488411785e-06,2.6745771958537916,9.053625453965971e-05
1588,2.6765775595562826,3.598847903278706e-06,2.676577559556283,9.060836432008839e-05
1589,2.678577923258774,3.601777306289922e-06,2.678577923258774,9.06808464874417e-05
1590,2.6805782869612655,3.6047211828064117e-06,2.6805782869612655,9.07537016441995e-05
1591,2.682578650663757,3.607679557991442e-06,2.682578650663757,9.08269303990521e-05
1592,2.6845790143662485,3.610652457240595e-06,2.6845790143662485,9.090053336691516e-05
1593,2.68657937806874,3.613639906182429e-06,2.68657937806874,9.097451116894513e-05
1594,2.688579741771231,3.6166419306791375e-06,2.688579741771231,9.104886443255467e-05
1595,2.6905801054737224,3.619658556827214e-06,2.6905801054737224,9.112359379142848e-05
1596,2.692580469176214,3.622689810958132e-06,2.692580469176214,9.119869988553911e-05
1597,2.694580832878705,3.625735719639032e-06,2.6945808328787053,9.127418336116332e-05
1598,2.6965811965811963,3.628796309673418e-06,2.6965811965811968,9.135004487089855e-05
1599,2.698581560283688,3.6318716081018513e-06,2.698581560283688,9.142628507367947e-05
1600,2.7005819239861792,3.634961642202672e-06,2.7005819239861792,9.150290463479503e-05
1601,2.7025822876886703,3.6380664394927117e-06,2.7025822876886707,9.15799042259056e-05
1602,2.7045826513911617,3.6411860277280263e-06,2.704582651391162,9.165728452506038e-05
1603,2.706583015093653,3.6443204349046297e-06,2.7065830150936536,9.173504621671508e-05
1604,2.7085833787961446,3.6474696892592445e-06,2.7085833787961446,9.181318999174975e-05
1605,2.7105837424986357,3.6506338192700453e-06,2.710583742498636,9.189171654748695e-05
1606,2.712584106201127,3.6538128536574386e-06,2.7125841062011276,9.197062658771019e-05
1607,2.7145844699036186,3.6570068213848197e-06,2.714584469903619,9.204992082268258e-05
1608,2.71658483360611,3.6602157516593607e-06,2.7165848336061105,9.21295999691655e-05
1609,2.7185851973086015,3.6634396739327978e-06,2.7185851973086015,9.220966475043802e-05
1610,2.720585561011093,3.666678617902232e-06,2.7205855610110925,9.229011589631601e-05
1611,2.7225859247135844,3.6699326135109343e-06,2.722585924713584,9.237095414317204e-05
1612,2.7245862884160754,3.673201690949161e-06,2.7245862884160754,9.245218023395493e-05
1613,2.726586652118567,3.6764858806549842e-06,2.726586652118567,9.253379491821017e-05
1614,2.7285870158210583,3.6797852133151195e-06,2.728587015821058,9.261579895210016e-05
1615,2.73058737952355,3.683099719865777e-06,2.7305873795235494,9.269819309842478e-05
1616,2.732587743226041,3.6864294314935057e-06,2.732587743226041,9.278097812664239e-05
1617,2.7345881069285323,3.6897743796360634e-06,2.7345881069285323,9.2864154812891e-05
1618,2.7365884706310237,3.6931345959832834e-06,2.7365884706310237,9.294772394000961e-05
1619,2.7385888343335147,3.6965101124779544e-06,2.7385888343335147,9.303168629755973e-05
1620,2.740589198036006,3.699900961316714e-06,2.740589198036006,9.311604268184758e-05
1621,2.7425895617384977,3.7033071749509446e-06,2.7425895617384977,9.320079389594604e-05
1622,2.744589925440989,3.7067287860876853e-06,2.744589925440989,9.328594074971725e-05
1623,2.74659028914348,3.710165827690544e-06,2.7465902891434806,9.337148405983517e-05
1624,2.7485906528459716,3.7136183329806337e-06,2.7485906528459716,9.345742464980865e-05
1625,2.750591016548463,3.7170863354375036e-06,2.750591016548463,9.35437633500046e-05
1626,2.7525913802509545,3.720569868800086e-06,2.7525913802509545,9.363050099767153e-05
1627,2.754591743953446,3.7240689670676583e-06,2.754591743953446,9.371763843696333e-05
1628,2.7565921076559374,3.7275836645008024e-06,2.7565921076559374,9.380517651896321e-05
1629,2.758592471358429,3.7311139956223865e-06,2.7585924713584284,9.38931161017081e-05
1630,2.76059283506092,3.7346599952185453e-06,2.76059283506092,9.39814580502133e-05
1631,2.7625931987634114,3.738221698339685e-06,2.7625931987634114,9.407020323649707e-05
1632,2.764593562465903,3.7417991403014787e-06,2.764593562465903,9.415935253960605e-05
1633,2.7665939261683943,3.7453923566858896e-06,2.7665939261683943,9.424890684564042e-05
1634,2.7685942898708853,3.749001383342192e-06,2.7685942898708853,9.433886704777985e-05
1635,2.7705946535733768,3.7526262563880138e-06,2.7705946535733768,9.442923404630912e-05
1636,2.772595017275868,3.7562670122103747e-06,2.772595017275868,9.452000874864468e-05
1637,2.7745953809783597,3.75992368746675e-06,2.7745953809783597,9.461119206936098e-05
1638,2.7765957446808507,3.7635963190861307e-06,2.776595744680851,9.470278493021732e-05
1639,2.778596108383342,3.7672849442701077e-06,2.778596108383342,9.479478826018492e-05
1640,2.7805964720858336,3.7709896004939544e-06,2.7805964720858336,9.488720299547434e-05
1641,2.7825968357883246,3.774710325507724e-06,2.782596835788325,9.498003007956315e-05
1642,2.784597199490816,3.778447157337362e-06,2.7845971994908165,9.507327046322381e-05
1643,2.7865975631933075,3.782200134285824e-06,2.786597563193308,9.516692510455195e-05
1644,2.788597926895799,3.7859692949342045e-06,2.788597926895799,9.526099496899495e-05
1645,2.79059829059829,3.7897546781428757e-06,2.7905982905982905,9.535548102938067e-05
1646,2.792598654300782,3.793556323052647e-06,2.792598654300782,9.545038426594672e-05
1647,2.7945990180032734,3.7973742690859145e-06,2.7945990180032734,9.55457056663697e-05
1648,2.796599381705765,3.801208555947844e-06,2.796599381705765,9.56414462257951e-05
1649,2.798599745408256,3.805059223627553e-06,2.798599745408256,9.573760694686718e-05
1650,2.8006001091107473,3.8089263123993047e-06,2.8006001091107473,9.583418883975941e-05
1651,2.8026004728132388,3.812809862823713e-06,2.8026004728132388,9.593119292220503e-05
1652,2.8046008365157302,3.8167099157489625e-06,2.8046008365157302,9.602862021952801e-05
1653,2.8066012002182212,3.820626512312035e-06,2.8066012002182217,9.612647176467426e-05
1654,2.8086015639207127,3.824559693939953e-06,2.8086015639207127,9.622474859824326e-05
1655,2.810601927623204,3.82850950235103e-06,2.810601927623204,9.632345176851987e-05
1656,2.812602291325695,3.8324759795561275e-06,2.8126022913256956,9.642258233150652e-05
1657,2.8146026550281866,3.8364591678599394e-06,2.814602655028187,9.652214135095569e-05
1658,2.816603018730678,3.840459109862271e-06,2.8166030187306785,9.662212989840277e-05
1659,2.8186033824331695,3.84447584845934e-06,2.8186033824331695,9.672254905319915e-05
1660,2.8206037461356606,3.848509426845083e-06,2.820603746135661,9.682339990254568e-05
1661,2.822604109838152,3.8525598885124816e-06,2.8226041098381525,9.692468354152645e-05
1662,2.8246044735406435,3.8566272772548945e-06,2.824604473540644,9.702640107314287e-05
1663,2.826604837243135,3.860711637167396e-06,2.8266048372431354,9.712855360834818e-05
1664,2.828605200945626,3.864813012648144e-06,2.8286052009456264,9.723114226608214e-05
1665,2.8306055646481174,3.868931448399743e-06,2.830605564648118,9.733416817330609e-05
1666,2.8326059283506093,3.873066989430629e-06,2.8326059283506093,9.743763246503844e-05
1667,2.8346062920531003,3.877219681056458e-06,2.8346062920531008,9.754153628439042e-05
1668,2.836606655755592,3.881389568901522e-06,2.8366066557555913,9.764588078260209e-05
1669,2.8386070194580832,3.885576698900159e-06,2.838607019458083,9.775066711907895e-05
1670,2.8406073831605747,3.889781117298191e-06,2.8406073831605743,9.78558964614286e-05
1671,2.8426077468630657,3.8940028706543625e-06,2.8426077468630657,9.796156998549774e-05
1672,2.844608110565557,3.898242005841805e-06,2.844608110565557,9.806768887540998e-05
1673,2.8466084742680486,3.902498570049497e-06,2.846608474268048,9.817425432360333e-05
1674,2.84860883797054,3.906772610783758e-06,2.8486088379705397,9.828126753086854e-05
1675,2.850609201673031,3.9110641758697325e-06,2.850609201673031,9.838872970638757e-05
1676,2.8526095653755226,3.915373313452909e-06,2.8526095653755226,9.849664206777251e-05
1677,2.854609929078014,3.919700072000637e-06,2.854609929078014,9.860500584110476e-05
1678,2.856610292780505,3.924044500303659e-06,2.856610292780505,9.87138222609747e-05
1679,2.8586106564829965,3.928406647477668e-06,2.8586106564829965,9.88230925705216e-05
1680,2.860611020185488,3.932786562964863e-06,2.860611020185488,9.893281802147389e-05
1681,2.8626113838879794,3.937184296535525e-06,2.8626113838879794,9.904299987419003e-05
1682,2.8646117475904704,3.941599898289605e-06,2.864611747590471,9.915363939769944e-05
1683,2.866612111292962,3.946033418658335e-06,2.866612111292962,9.926473786974393e-05
1684,2.8686124749954534,3.950484908405838e-06,2.8686124749954534,9.937629657681961e-05
1685,2.870612838697945,3.954954418630754e-06,2.870612838697945,9.948831681421902e-05
1686,2.8726132024004363,3.959442000767896e-06,2.8726132024004363,9.960079988607373e-05
1687,2.8746135661029277,3.9639477065899046e-06,2.8746135661029277,9.971374710539723e-05
1688,2.876613929805419,3.9684715882089165e-06,2.8766139298054187,9.98271597941284e-05
1689,2.87861429350791,3.973013698078257e-06,2.87861429350791,9.994103928317514e-05
1690,2.8806146572104017,3.977574088994139e-06,2.8806146572104017,0.00010005538691245854
1691,2.882615020912893,3.982152814097386e-06,2.882615020912893,0.00010017020403095738
1692,2.8846153846153846,3.98674992687515e-06,2.8846153846153846,0.00010028549199675308
1693,2.8866157483178756,3.991365481162672e-06,2.8866157483178756,0.00010040125217707496
1694,2.888616112020367,3.995999531145035e-06,2.888616112020367,0.0001005174859483461
1695,2.8906164757228585,4.000652131358938e-06,2.8906164757228585,0.00010063419469622923
1696,2.89261683942535,4.005323336694492e-06,2.89261683942535,0.00010075137981567351
1697,2.894617203127841,4.010013202397022e-06,2.8946172031278414,0.00010086904271096133
1698,2.8966175668303324,4.014721784068892e-06,2.8966175668303324,0.00010098718479575572
1699,2.898617930532824,4.019449137671339e-06,2.898617930532824,0.00010110580749314813
1700,2.900618294235315,4.024195319526319e-06,2.9006182942353154,0.00010122491223570667
1701,2.9026186579378064,4.028960386318393e-06,2.902618657937807,0.00010134450046552461
1702,2.904619021640298,4.03374439509659e-06,2.9046190216402983,0.00010146457363426965
1703,2.9066193853427893,4.038547403276317e-06,2.9066193853427893,0.00010158513320323312
1704,2.9086197490452808,4.043369468641276e-06,2.9086197490452808,0.00010170618064338022
1705,2.910620112747772,4.048210649345391e-06,2.910620112747772,0.00010182771743540011
1706,2.9126204764502637,4.053071003914755e-06,2.9126204764502637,0.00010194974506975684
1707,2.914620840152755,4.057950591249599e-06,2.914620840152755,0.00010207226504674057
1708,2.916621203855246,4.062849470626267e-06,2.916621203855246,0.00010219527887651919
1709,2.918621567557738,4.067767701699222e-06,2.9186215675577376,0.0001023187880791906
1710,2.920621931260229,4.072705344503047e-06,2.920621931260229,0.00010244279418483514
1711,2.92262229496272,4.0776624594544885e-06,2.9226222949627205,0.00010256729873356873
1712,2.924622658665212,4.0826391073545e-06,2.924622658665212,0.00010269230327559637
1713,2.926623022367703,4.0876353493903e-06,2.926623022367703,0.00010281780937126606
1714,2.928623386070194,4.092651247137464e-06,2.9286233860701945,0.00010294381859112336
1715,2.930623749772686,4.097686862562026e-06,2.930623749772686,0.00010307033251596614
1716,2.932624113475177,4.102742258022576e-06,2.9326241134751774,0.00010319735273690004
1717,2.934624477177668,4.107817496272422e-06,2.934624477177669,0.00010332488085539445
1718,2.93662484088016,4.112912640461727e-06,2.93662484088016,0.00010345291848333863
1719,2.938625204582651,4.1180277541396765e-06,2.9386252045826513,0.00010358146724309874
1720,2.9406255682851428,4.123162901256677e-06,2.9406255682851428,0.000103710528767575
1721,2.942625931987634,4.128318146166557e-06,2.9426259319876342,0.0001038401047002597
1722,2.9446262956901252,4.133493553628797e-06,2.9446262956901257,0.00010397019669529533
1723,2.9466266593926167,4.138689188810767e-06,2.9466266593926167,0.00010410080641753352
1724,2.948627023095108,4.14390511728999e-06,2.948627023095108,0.0001042319355425943
1725,2.950627386797599,4.149141405056433e-06,2.9506273867975996,0.00010436358575692593
1726,2.952627750500091,4.154398118514792e-06,2.952627750500091,0.00010449575875786529
1727,2.954628114202582,4.159675324486816e-06,2.954628114202582,0.00010462845625369867
1728,2.956628477905073,4.164973090213659e-06,2.956628477905073,0.00010476167996372328
1729,2.958628841607565,4.17029148335822e-06,2.9586288416075646,0.00010489543161830902
1730,2.960629205310056,4.175630572007523e-06,2.960629205310056,0.00010502971295896102
1731,2.962629569012548,4.180990424675128e-06,2.9626295690125475,0.00010516452573838254
1732,2.964629932715039,4.18637111030353e-06,2.964629932715039,0.00010529987172053856
1733,2.96663029641753,4.191772698266609e-06,2.96663029641753,0.00010543575268071975
1734,2.968630660120022,4.197195258372088e-06,2.9686306601200214,0.00010557217040560717
1735,2.970631023822513,4.202638860863992e-06,2.970631023822513,0.00010570912669333738
1736,2.972631387525004,4.208103576425172e-06,2.9726313875250043,0.00010584662335356816
1737,2.974631751227496,4.21358947617981e-06,2.974631751227496,0.00010598466220754475
1738,2.976632114929987,4.219096631695952e-06,2.976632114929987,0.00010612324508816673
1739,2.9786324786324783,4.2246251149880855e-06,2.9786324786324783,0.00010626237384005546
1740,2.9806328423349697,4.230174998519713e-06,2.9806328423349697,0.00010640205031962199
1741,2.982633206037461,4.235746355205949e-06,2.982633206037461,0.00010654227639513569
1742,2.9846335697399526,4.24133925841616e-06,2.9846335697399526,0.00010668305394679333
1743,2.986633933442444,4.246953781976594e-06,2.9866339334424437,0.00010682438486678896
1744,2.988634297144935,4.252590000173064e-06,2.988634297144935,0.00010696627105938402
1745,2.990634660847427,4.258247987753631e-06,2.9906346608474266,0.00010710871444097856
1746,2.992635024549918,4.263927819931316e-06,2.992635024549918,0.00010725171694018253
1747,2.994635388252409,4.269629572386838e-06,2.9946353882524095,0.00010739528049788798
1748,2.996635751954901,4.275353321271377e-06,2.9966357519549005,0.00010753940706734194
1749,2.998636115657392,4.2810991432093395e-06,2.998636115657392,0.0001076840986142197
1750,3.000636479359883,4.286867115301182e-06,3.0006364793598834,0.00010782935711669883
1751,3.002636843062375,4.292657315126227e-06,3.002636843062375,0.00010797518456553384
1752,3.004637206764866,4.298469820745508e-06,3.0046372067648663,0.00010812158296413143
1753,3.006637570467358,4.304304710704661e-06,3.0066375704673574,0.00010826855432862643
1754,3.008637934169849,4.310162064036802e-06,3.008637934169849,0.00010841610068795828
1755,3.01063829787234,4.316041960265467e-06,3.0106382978723403,0.00010856422408394843
1756,3.0126386615748317,4.321944479407551e-06,3.0126386615748317,0.0001087129265713779
1757,3.0146390252773227,4.3278697019762705e-06,3.014639025277323,0.00010886221021806616
1758,3.016639388979814,4.333817708984171e-06,3.016639388979814,0.00010901207710495006
1759,3.0186397526823057,4.339788581946149e-06,3.0186397526823057,0.0001091625293261639
1760,3.020640116384797,4.345782402882476e-06,3.020640116384797,0.00010931356898911977
1761,3.022640480087288,4.351799254321893e-06,3.0226404800872886,0.00010946519821458903
1762,3.02464084378978,4.357839219304699e-06,3.02464084378978,0.00010961741913678403
1763,3.026641207492271,4.363902381385862e-06,3.026641207492271,0.00010977023390344092
1764,3.028641571194763,4.369988824638183e-06,3.0286415711947625,0.00010992364467590287
1765,3.030641934897254,4.376098633655453e-06,3.030641934897254,0.00011007765362920418
1766,3.032642298599745,4.382231893555668e-06,3.0326422985997454,0.00011023226295215493
1767,3.034642662302237,4.3883886899842465e-06,3.034642662302237,0.00011038747484742664
1768,3.036643026004728,4.394569109117285e-06,3.036643026004728,0.00011054329153163834
1769,3.038643389707219,4.400773237664839e-06,3.0386433897072194,0.00011069971523544356
1770,3.040643753409711,4.407001162874235e-06,3.040643753409711,0.0001108567482036181
1771,3.042644117112202,4.413252972533387e-06,3.0426441171122023,0.00011101439269514832
1772,3.044644480814693,4.419528754974191e-06,3.0446444808146937,0.0001111726509833205
1773,3.0466448445171848,4.425828599075889e-06,3.0466448445171848,0.00011133152535581057
1774,3.0486452082196758,4.432152594268497e-06,3.048645208219676,0.00011149101811477512
1775,3.0506455719221677,4.438500830536259e-06,3.0506455719221677,0.00011165113157694272
1776,3.0526459356246587,4.444873398421112e-06,3.052645935624659,0.00011181186807370618
1777,3.05464629932715,4.4512703890262005e-06,3.0546462993271506,0.00011197322995121572
1778,3.0566466630296416,4.457691894019412e-06,3.0566466630296416,0.00011213521957047283
1779,3.058647026732133,4.464138005636928e-06,3.058647026732133,0.00011229783930742483
1780,3.060647390434624,4.470608816686835e-06,3.0606473904346245,0.00011246109155306041
1781,3.062647754137116,4.477104420552741e-06,3.062647754137116,0.00011262497871350615
1782,3.064648117839607,4.483624911197423e-06,3.0646481178396074,0.00011278950321012313
1783,3.066648481542098,4.490170383166525e-06,3.0666484815420985,0.0001129546674796054
1784,3.06864884524459,4.4967409315922675e-06,3.06864884524459,0.00011312047397407855
1785,3.070649208947081,4.503336652197185e-06,3.070649208947081,0.00011328692516119922
1786,3.072649572649573,4.509957641297929e-06,3.0726495726495724,0.000113454023524256
1787,3.074649936352064,4.516603995809045e-06,3.074649936352064,0.00011362177156227032
1788,3.076650300054555,4.523275813246843e-06,3.076650300054555,0.00011379017179009901
1789,3.0786506637570468,4.529973191733259e-06,3.0786506637570463,0.0001139592267385373
1790,3.080651027459538,4.5366962299997546e-06,3.080651027459538,0.00011412893895442276
1791,3.082651391162029,4.543445027391274e-06,3.0826513911620292,0.00011429931100074025
1792,3.0846517548645207,4.550219683870205e-06,3.0846517548645207,0.00011447034545672791
1793,3.0866521185670117,4.55702030002038e-06,3.0866521185670117,0.00011464204491798341
1794,3.0886524822695027,4.56384697705113e-06,3.088652482269503,0.00011481441199657194
1795,3.0906528459719946,4.570699816801351e-06,3.0906528459719946,0.00011498744932113473
1796,3.092653209674486,4.577578921743601e-06,3.092653209674486,0.00011516115953699838
1797,3.0946535733769776,4.58448439498827e-06,3.0946535733769776,0.0001153355453062855
1798,3.096653937079469,4.591416340287723e-06,3.0966539370794686,0.00011551060930802588
1799,3.09865430078196,4.5983748620405445e-06,3.09865430078196,0.00011568635423826904
1800,3.100654664484452,4.605360065295769e-06,3.1006546644844515,0.00011586278281019733
1801,3.102655028186943,4.612372055757164e-06,3.102655028186943,0.00011603989775424058
1802,3.104655391889434,4.619410939787561e-06,3.1046553918894344,0.00011621770181819102
1803,3.106655755591926,4.62647682441321e-06,3.1066557555919254,0.00011639619776731983
1804,3.108656119294417,4.633569817328164e-06,3.108656119294417,0.00011657538838449433
1805,3.110656482996908,4.640690026898719e-06,3.1106564829969083,0.0001167552764702963
1806,3.1126568466994,4.647837562167891e-06,3.1126568466994,0.0001169358648431414
1807,3.114657210401891,4.655012532859893e-06,3.1146572104018913,0.00011711715633939949
1808,3.1166575741043827,4.662215049384722e-06,3.1166575741043823,0.00011729915381351607
1809,3.1186579378068737,4.669445222842702e-06,3.1186579378068737,0.00011748186013813481
1810,3.1206583015093647,4.676703165029136e-06,3.120658301509365,0.000117665278204221
1811,3.1226586652118566,4.6839889884389586e-06,3.1226586652118566,0.00011784941092118642
1812,3.1246590289143477,4.691302806271427e-06,3.124659028914348,0.00011803426121701467
1813,3.1266593926168387,4.69864473243488e-06,3.126659392616839,0.00011821983203838841
1814,3.1286597563193306,4.706014881551514e-06,3.1286597563193306,0.00011840612635081695
1815,3.130660120021822,4.713413368962198e-06,3.130660120021822,0.00011859314713876551
1816,3.132660483724313,4.7208403107313465e-06,3.1326604837243135,0.00011878089740578529
1817,3.134660847426805,4.728295823651832e-06,3.134660847426805,0.00011896938017464471
1818,3.136661211129296,4.7357800252499115e-06,3.136661211129296,0.00011915859848746208
1819,3.138661574831788,4.743293033790243e-06,3.1386615748317874,0.000119348555405839
1820,3.140661938534279,4.750834968280892e-06,3.140661938534279,0.00011953925401099534
1821,3.14266230223677,4.758405948478434e-06,3.1426623022367703,0.00011973069740390506
1822,3.144662665939262,4.766006094893059e-06,3.144662665939262,0.00011992288870543346
1823,3.146663029641753,4.773635528793731e-06,3.146663029641753,0.00012011583105647556
1824,3.148663393344244,4.781294372213411e-06,3.1486633933442443,0.00012030952761809566
1825,3.1506637570467357,4.788982747954304e-06,3.1506637570467357,0.00012050398157166825
1826,3.1526641207492268,4.796700779593148e-06,3.152664120749227,0.00012069919611902001
1827,3.1546644844517178,4.804448591486573e-06,3.1546644844517187,0.0001208951744825731
1828,3.1566648481542097,4.812226308776486e-06,3.1566648481542097,0.00012109191990548985
1829,3.1586652118567007,4.8200340573955e-06,3.158665211856701,0.0001212894356518185
1830,3.1606655755591926,4.827871964072432e-06,3.1606655755591926,0.00012148772500664056
1831,3.1626659392616836,4.835740156337818e-06,3.162665939261684,0.0001216867912762191
1832,3.1646663029641746,4.843638762529506e-06,3.1646663029641755,0.00012188663778814842
1833,3.1666666666666665,4.851567911798284e-06,3.1666666666666665,0.0001220872678915055
1834,3.1686670303691575,4.859527734113537e-06,3.168667030369158,0.00012228868495700227
1835,3.170667394071649,4.867518360268997e-06,3.1706673940716494,0.00012249089237713925
1836,3.172667757774141,4.875539921888508e-06,3.172667757774141,0.000122693893566361
1837,3.174668121476632,4.883592551431844e-06,3.1746681214766324,0.00012289769196121254
1838,3.176668485179124,4.8916763822006055e-06,3.1766684851791234,0.0001231022910204973
1839,3.178668848881615,4.8997915483441185e-06,3.178668848881615,0.0001233076942254364
1840,3.180669212584106,4.9079381848654446e-06,3.1806692125841063,0.00012351390507982972
1841,3.1826695762865977,4.9161164276273946e-06,3.1826695762865977,0.0001237209271102178
1842,3.1846699399890888,4.924326413358611e-06,3.184669939989089,0.00012392876386604568
1843,3.1866703036915798,4.932568279659719e-06,3.18667030369158,0.00012413741891982794
1844,3.1886706673940717,4.9408421650095085e-06,3.1886706673940712,0.00012434689586731545
1845,3.1906710310965627,4.949148208771174e-06,3.1906710310965627,0.00012455719832766348
1846,3.1926713947990537,4.957486551198634e-06,3.192671394799054,0.0001247683299436011
1847,3.1946717585015456,4.965857333442871e-06,3.194671758501545,0.00012498029438160258
1848,3.1966721222040366,4.974260697558339e-06,3.1966721222040366,0.00012519309533205996
1849,3.1986724859065285,4.982696786509456e-06,3.198672485906528,0.00012540673650945732
1850,3.2006728496090195,4.991165744177101e-06,3.2006728496090195,0.00012562122165254665
1851,3.2026732133115106,4.99966771536521e-06,3.202673213311511,0.0001258365545245252
1852,3.2046735770140025,5.00820284580743e-06,3.204673577014002,0.00012605273891321447
1853,3.2066739407164935,5.016771282173781e-06,3.2066739407164935,0.0001262697786312409
1854,3.208674304418985,5.02537317207746e-06,3.208674304418985,0.000126487677516218
1855,3.210674668121477,5.0340086640816265e-06,3.2106746681214764,0.0001267064394309306
1856,3.212675031823968,5.042677907706291e-06,3.212675031823968,0.00012692606826352
1857,3.214675395526459,5.051381053435264e-06,3.214675395526459,0.0001271465679276715
1858,3.2166757592289508,5.060118252723151e-06,3.2166757592289503,0.00012736794236280333
1859,3.218676122931442,5.068889658002403e-06,3.218676122931442,0.00012759019553425748
1860,3.2206764866339337,5.077695422690476e-06,3.2206764866339332,0.00012781333143349174
1861,3.2226768503364247,5.086535701196983e-06,3.2226768503364247,0.00012803735407827444
1862,3.2246772140389157,5.0954106489309816e-06,3.2246772140389157,0.00012826226751287985
1863,3.2266775777414076,5.104320422308274e-06,3.226677577741407,0.00012848807580828644
1864,3.2286779414438986,5.113265178758792e-06,3.2286779414438986,0.00012871478306237608
1865,3.2306783051463897,5.12224507673406e-06,3.23067830514639,0.0001289423934001356
1866,3.2326786688488816,5.131260275714704e-06,3.2326786688488816,0.00012917091097386008
1867,3.2346790325513726,5.140310936218029e-06,3.2346790325513726,0.0001294003399633578
1868,3.2366793962538636,5.149397219805693e-06,3.236679396253864,0.0001296306845761574
1869,3.2386797599563555,5.158519289091412e-06,3.2386797599563555,0.0001298619490477166
1870,3.2406801236588465,5.167677307748745e-06,3.240680123658847,0.00013009413764163326
1871,3.2426804873613384,5.176871440518987e-06,3.2426804873613384,0.00013032725464985796
1872,3.2446808510638294,5.186101853219059e-06,3.2446808510638294,0.0001305613043929088
1873,3.246681214766321,5.195368712749548e-06,3.246681214766321,0.0001307962912200882
1874,3.2486815784688123,5.204672187102766e-06,3.2486815784688123,0.00013103221950970138
1875,3.250681942171304,5.214012445370893e-06,3.250681942171304,0.00013126909366927751
1876,3.252682305873795,5.223389657754221e-06,3.2526823058737953,0.00013150691813579218
1877,3.2546826695762867,5.232803995569437e-06,3.2546826695762863,0.00013174569737589245
1878,3.2566830332787777,5.24225563125799e-06,3.2566830332787777,0.00013198543588612363
1879,3.2586833969812687,5.251744738394557e-06,3.258683396981269,0.0001322261381931586
1880,3.2606837606837606,5.261271491695563e-06,3.2606837606837606,0.00013246780885402894
1881,3.2626841243862517,5.2708360670277734e-06,3.262684124386252,0.0001327104524563582
1882,3.2646844880887436,5.280438641416994e-06,3.264684488088743,0.0001329540736185976
1883,3.2666848517912346,5.290079393056811e-06,3.2666848517912346,0.00013319867699026355
1884,3.2686852154937256,5.299758501317458e-06,3.268685215493726,0.00013344426725217805
1885,3.2706855791962175,5.309476146754721e-06,3.2706855791962175,0.00013369084911671046
1886,3.2726859428987085,5.3192325111189375e-06,3.272685942898709,0.0001339384273280224
1887,3.2746863066011995,5.329027777364101e-06,3.2746863066012,0.00013418700666231425
1888,3.2766866703036914,5.338862129657022e-06,3.2766866703036914,0.00013443659192807447
1889,3.2786870340061824,5.348735753386573e-06,3.278687034006183,0.000134687187966331
1890,3.280687397708674,5.358648835173043e-06,3.2806873977086743,0.0001349387996509052
1891,3.2826877614111654,5.36860156287756e-06,3.282687761411166,0.0001351914318886679
1892,3.284688125113657,5.3785941256115885e-06,3.284688125113657,0.00013544508961979828
1893,3.2866884888161483,5.3886267137465555e-06,3.2866884888161483,0.00013569977781804497
1894,3.2886888525186397,5.3986995189235105e-06,3.2886888525186397,0.00013595550149098952
1895,3.2906892162211308,5.408812734062928e-06,3.290689216221131,0.00013621226568031252
1896,3.2926895799236227,5.418966553374572e-06,3.2926895799236227,0.00013647007546206235
1897,3.2946899436261137,5.429161172367436e-06,3.2946899436261137,0.00013672893594692635
1898,3.2966903073286047,5.439396787859829e-06,3.296690307328605,0.00013698885228050436
1899,3.2986906710310966,5.449673597989503e-06,3.2986906710310966,0.00013724982964358548
1900,3.3006910347335876,5.45999180222389e-06,3.300691034733588,0.00013751187325242666
1901,3.3026913984360786,5.470351601370453e-06,3.3026913984360795,0.00013777498835903482
1902,3.3046917621385705,5.480753197587116e-06,3.30469176213857,0.0001380391802514508
1903,3.3066921258410615,5.491196794392783e-06,3.3066921258410615,0.00013830445425403696
1904,3.3086924895435534,5.501682596677984e-06,3.308692489543553,0.00013857081572776663
1905,3.3106928532460445,5.512210810715592e-06,3.3106928532460445,0.00013883827007051696
1906,3.3126932169485355,5.522781644171659e-06,3.312693216948536,0.0001391068227173643
1907,3.3146935806510274,5.533395306116353e-06,3.314693580651027,0.00013937647914088273
1908,3.3166939443535184,5.5440520070349664e-06,3.3166939443535184,0.00013964724485144496
1909,3.31869430805601,5.554751958839091e-06,3.31869430805601,0.00013991912539752666
1910,3.3206946717585013,5.565495374877838e-06,3.3206946717585013,0.00014019212636601347
1911,3.3226950354609928,5.576282469949183e-06,3.3226950354609928,0.00014046625338251092
1912,3.3246953991634838,5.587113460311442e-06,3.3246953991634838,0.00014074151211165766
1913,3.3266957628659757,5.597988563694822e-06,3.3266957628659752,0.00014101790825744135
1914,3.3286961265684667,5.6089079993130936e-06,3.3286961265684667,0.00014129544756351784
1915,3.3306964902709586,5.619871987875399e-06,3.330696490270958,0.0001415741358135336
1916,3.3326968539734496,5.630880751598105e-06,3.3326968539734496,0.00014185397883145087
1917,3.3346972176759406,5.641934514216863e-06,3.3346972176759406,0.00014213498248187643
1918,3.3366975813784325,5.653033500998711e-06,3.336697581378432,0.0001424171526703933
1919,3.3386979450809235,5.664177938754292e-06,3.3386979450809235,0.00014270049534389576
1920,3.3406983087834146,5.6753680558502565e-06,3.340698308783415,0.0001429850164909278
1921,3.3426986724859065,5.686604082221707e-06,3.3426986724859065,0.00014327072214202454
1922,3.3446990361883975,5.697886249384788e-06,3.3446990361883975,0.00014355761837005752
1923,3.3466993998908885,5.709214790449432e-06,3.346699399890889,0.00014384571129058294
1924,3.3486997635933804,5.720589940132172e-06,3.3486997635933804,0.00014413500706219332
1925,3.3507001272958714,5.732011934769096e-06,3.350700127295872,0.0001444255118868732
1926,3.3527004909983633,5.743481012328967e-06,3.3527004909983633,0.0001447172320103577
1927,3.3547008547008543,5.754997412426386e-06,3.3547008547008543,0.00014501017372249475
1928,3.356701218403346,5.766561376335177e-06,3.356701218403346,0.00014530434335761154
1929,3.3587015821058372,5.778173147001838e-06,3.3587015821058372,0.00014559974729488355
1930,3.3607019458083287,5.789832969059113e-06,3.3607019458083287,0.0001458963919587083
1931,3.3627023095108197,5.801541088839762e-06,3.36270230951082,0.0001461942838190818
1932,3.3647026732133116,5.81329775439041e-06,3.364702673213311,0.0001464934293919799
1933,3.3667030369158026,5.82510321548552e-06,3.3667030369158026,0.0001467938352397424
1934,3.3687034006182937,5.8369577236415676e-06,3.368703400618294,0.0001470955079714614
1935,3.3707037643207856,5.848861532131284e-06,3.3707037643207856,0.00014739845424337387
1936,3.3727041280232766,5.860814895998068e-06,3.372704128023277,0.00014770268075925763
1937,3.3747044917257685,5.872818072070547e-06,3.374704491725768,0.00014800819427083156
1938,3.3767048554282595,5.884871318977265e-06,3.3767048554282595,0.00014831500157815982
1939,3.3787052191307505,5.896974897161516e-06,3.378705219130751,0.00014862310953006003
1940,3.3807055828332424,5.9091290688963445e-06,3.3807055828332424,0.00014893252502451576
1941,3.3827059465357334,5.921334098299631e-06,3.382705946535734,0.00014924325500909296
1942,3.3847063102382244,5.933590251349423e-06,3.384706310238225,0.00014955530648136077
1943,3.3867066739407163,5.9458977958993345e-06,3.3867066739407163,0.0001498686864893165
1944,3.3887070376432074,5.958257001694115e-06,3.388707037643208,0.0001501834021318149
1945,3.390707401345699,5.970668140385417e-06,3.3907074013456993,0.00015049946055900186
1946,3.3927077650481903,5.983131485547661e-06,3.3927077650481907,0.00015081686897275257
1947,3.3947081287506817,5.9956473126940735e-06,3.3947081287506817,0.00015113563462711374
1948,3.396708492453173,6.0082158992929325e-06,3.396708492453173,0.00015145576482875105
1949,3.3987088561556646,6.020837524783882e-06,3.3987088561556646,0.0001517772669374006
1950,3.4007092198581557,6.033512470594501e-06,3.400709219858156,0.00015210014836632485
1951,3.4027095835606476,6.046241020156981e-06,3.4027095835606476,0.000152424416582774
1952,3.4047099472631386,6.0590234589249745e-06,3.4047099472631386,0.00015275007910845113
1953,3.4067103109656296,6.071860074390648e-06,3.40671031096563,0.000153077143519983
1954,3.4087106746681215,6.084751156101861e-06,3.4087106746681215,0.0001534056174493949
1955,3.4107110383706125,6.097696995679531e-06,3.410711038370613,0.0001537355085845912
1956,3.4127114020731035,6.1106978868351965e-06,3.4127114020731044,0.00015406682466983994
1957,3.4147117657755954,6.123754125388725e-06,3.4147117657755954,0.0001543995735062634
1958,3.4167121294780864,6.1368660092862e-06,3.416712129478087,0.0001547337629523327
1959,3.4187124931805783,6.150033838618027e-06,3.4187124931805783,0.00015506940092436874
1960,3.4207128568830694,6.163257915637154e-06,3.42071285688307,0.00015540649539704703
1961,3.4227132205855604,6.176538544777553e-06,3.422713220585561,0.0001557450544039087
1962,3.4247135842880523,6.1898760326728306e-06,3.424713584288052,0.00015608508603787675
1963,3.4267139479905433,6.203270688175036e-06,3.4267139479905433,0.00015642659845177694
1964,3.4287143116930348,6.216722822373694e-06,3.4287143116930348,0.00015676959985886507
1965,3.430714675395526,6.230232748615001e-06,3.430714675395526,0.00015711409853335913
1966,3.4327150390980177,6.243800782521189e-06,3.4327150390980177,0.0001574601028109772
1967,3.4347154028005087,6.257427242010172e-06,3.4347154028005087,0.00015780762108948108
1968,3.4367157665030006,6.271112447315303e-06,3.436715766503,0.00015815666182922557
1969,3.4387161302054916,6.2848567210053725e-06,3.4387161302054916,0.0001585072335537135
1970,3.4407164939079835,6.298660388004827e-06,3.440716493907983,0.00015885934485015648
1971,3.4427168576104745,6.312523775614147e-06,3.4427168576104745,0.0001592130043700419
1972,3.4447172213129655,6.326447213530488e-06,3.4447172213129655,0.00015956822082970553
1973,3.4467175850154574,6.3404310338685015e-06,3.446717585015457,0.00015992500301091037
1974,3.4487179487179485,6.354475571181351e-06,3.4487179487179485,0.00016028335976143172
1975,3.4507183124204395,6.368581162482003e-06,3.45071831242044,0.00016064329999564833
1976,3.4527186761229314,6.3827481472646895e-06,3.4527186761229314,0.00016100483269513978
1977,3.4547190398254224,6.396976867526584e-06,3.4547190398254224,0.0001613679669092902
1978,3.4567194035279143,6.4112676677897715e-06,3.456719403527914,0.00016173271175589886
1979,3.4587197672304053,6.425620895123336e-06,3.4587197672304053,0.00016209907642179654
1980,3.4607201309328963,6.440036899165793e-06,3.4607201309328968,0.00016246707016346894
1981,3.4627204946353882,6.454516032147672e-06,3.4627204946353882,0.00016283670230768697
1982,3.4647208583378792,6.469058648914353e-06,3.4647208583378792,0.00016320798225214324
1983,3.4667212220403703,6.483665106949177e-06,3.4667212220403707,0.00016358091946609582
1984,3.468721585742862,6.498335766396751e-06,3.468721585742862,0.00016395552349101863
1985,3.4707219494453536,6.5130709900865045e-06,3.4707219494453536,0.00016433180394125914
1986,3.4727223131478446,6.527871143556529e-06,3.472722313147845,0.0001647097705047029
1987,3.4747226768503365,6.54273659507763e-06,3.474722676850336,0.00016508943294344538
1988,3.4767230405528275,6.557667715677618e-06,3.4767230405528275,0.0001654708010944712
1989,3.4787234042553195,6.572664879165922e-06,3.478723404255319,0.00016585388487034032
1990,3.4807237679578105,6.58772846215837e-06,3.4807237679578105,0.00016623869425988204
1991,3.4827241316603015,6.602858844102321e-06,3.482724131660302,0.00016662523932889662
1992,3.4847244953627934,6.618056407301993e-06,3.484724495362793,0.00016701353022086405
1993,3.4867248590652844,6.633321536944085e-06,3.4867248590652844,0.0001674035771576612
1994,3.4887252227677754,6.648654621123687e-06,3.488725222767776,0.0001677953904402862
1995,3.4907255864702673,6.664056050870435e-06,3.4907255864702673,0.00016818898044959117
1996,3.4927259501727583,6.679526220174942e-06,3.4927259501727588,0.00016858435764702278
1997,3.4947263138752493,6.695065526015553e-06,3.49472631387525,0.000168981532575371
1998,3.4967266775777412,6.710674368385345e-06,3.4967266775777412,0.00016938051585952608
1999,3.4987270412802323,6.726353150319396e-06,3.4987270412802327,0.00016978131820724382
2000,3.500727404982724,6.742102277922425e-06,3.500727404982724,0.0001701839504099194
2001,3.502727768685215,6.75792216039662e-06,3.5027277686852156,0.00017058842334336958
2002,3.504728132387706,6.773813210069869e-06,3.5047281323877066,0.00017099474796862372
2003,3.506728496090198,6.789775842424226e-06,3.506728496090198,0.00017140293533272343
2004,3.5087288597926896,6.8058104761246795e-06,3.5087288597926896,0.0001718129965695313
2005,3.5107292234951806,6.821917533048284e-06,3.510729223495181,0.0001722249429005483
2006,3.5127295871976725,6.838097438313569e-06,3.5127295871976725,0.0001726387856357408
2007,3.5147299509001635,6.854350620310237e-06,3.5147299509001635,0.00017305453617437594
2008,3.5167303146026545,6.870677510729262e-06,3.516730314602655,0.00017347220600586746
2009,3.5187306783051464,6.887078544593238e-06,3.5187306783051464,0.00017389180671063017
2010,3.5207310420076374,6.903554160287073e-06,3.520731042007638,0.00017431334996094412
2011,3.5227314057101293,6.9201047995890735e-06,3.5227314057101293,0.0001747368475218289
2012,3.5247317694126203,6.936730907702261e-06,3.5247317694126203,0.00017516231125192723
2013,3.5267321331151114,6.953432933286144e-06,3.526732133115112,0.0001755897531043988
2014,3.5287324968176033,6.970211328488755e-06,3.5287324968176033,0.0001760191851278243
2015,3.5307328605200943,6.987066548979055e-06,3.5307328605200947,0.0001764506194671194
2016,3.5327332242225853,7.00399905397972e-06,3.532733224222586,0.00017688406836445896
2017,3.534733587925077,7.021009306300273e-06,3.534733587925077,0.00017731954416021255
2018,3.536733951627568,7.038097772370543e-06,3.5367339516275687,0.00017775705929388934
2019,3.538734315330059,7.055264922274559e-06,3.5387343153300597,0.0001781966263050948
2020,3.540734679032551,7.072511229784769e-06,3.540734679032551,0.00017863825783449803
2021,3.542735042735042,7.0898371723966215e-06,3.542735042735042,0.00017908196662480945
2022,3.544735406437534,7.10724323136361e-06,3.5447354064375336,0.0001795277655217708
2023,3.546735770140025,7.1247298917325885e-06,3.546735770140025,0.0001799756674751555
2024,3.5487361338425165,7.142297642379592e-06,3.5487361338425165,0.00018042568553978115
2025,3.5507364975450084,7.159946976045978e-06,3.550736497545008,0.0001808778328765334
2026,3.5527368612474994,7.177678389374979e-06,3.552736861247499,0.00018133212275340144
2027,3.5547372249499904,7.195492382948712e-06,3.5547372249499904,0.00018178856854652591
2028,3.5567375886524824,7.213389461325548e-06,3.556737588652482,0.00018224718374125823
2029,3.5587379523549734,7.231370133077889e-06,3.5587379523549734,0.00018270798193323288
2030,3.5607383160574644,7.249434910830439e-06,3.560738316057465,0.00018317097682945177
2031,3.5627386797599563,7.2675843112988375e-06,3.562738679759956,0.00018363618224938102
2032,3.5647390434624473,7.285818855328723e-06,3.5647390434624473,0.00018410361212606104
2033,3.566739407164939,7.304139067935313e-06,3.5667394071649388,0.00018457328050722896
2034,3.56873977086743,7.322545478343311e-06,3.56873977086743,0.00018504520155645442
2035,3.5707401345699212,7.341038620027384e-06,3.5707401345699217,0.00018551938955428885
2036,3.572740498272413,7.359619030753016e-06,3.5727404982724127,0.00018599585889942768
2037,3.574740861974904,7.378287252617826e-06,3.574740861974904,0.0001864746241098869
2038,3.576741225677395,7.397043832093416e-06,3.5767412256773956,0.0001869556998241925
2039,3.578741589379887,7.415889320067635e-06,3.578741589379887,0.00018743910080258502
2040,3.580741953082378,7.434824271887321e-06,3.5807419530823785,0.00018792484192823715
2041,3.5827423167848695,7.453849247401585e-06,3.5827423167848695,0.00018841293820848703
2042,3.584742680487361,7.472964811005537e-06,3.584742680487361,0.0001889034047760847
2043,3.5867430441898525,7.492171531684502e-06,3.5867430441898525,0.0001893962568904544
2044,3.5887434078923444,7.511469983058822e-06,3.588743407892344,0.00018989150993897142
2045,3.5907437715948354,7.530860743429047e-06,3.5907437715948354,0.00019038917943825433
2046,3.5927441352973264,7.550344395821771e-06,3.5927441352973264,0.0001908892810354724
2047,3.5947444989998183,7.569921528035914e-06,3.594744498999818,0.0001913918305096686
2048,3.5967448627023093,7.589592732689533e-06,3.5967448627023093,0.00019189684377309867
2049,3.5987452264048003,7.609358607267241e-06,3.5987452264048008,0.00019240433687258625
2050,3.6007455901072922,7.62921975416812e-06,3.6007455901072922,0.00019291432599089381
2051,3.6027459538097832,7.64917678075416e-06,3.6027459538097832,0.0001934268274481107
2052,3.6047463175122743,7.669230299399355e-06,3.6047463175122747,0.0001939418577030574
2053,3.606746681214766,7.689380927539282e-06,3.606746681214766,0.00019445943335470682
2054,3.608747044917257,7.709629287721267e-06,3.6087470449172576,0.0001949795711436233
2055,3.610747408619749,7.729976007655208e-06,3.610747408619749,0.00019550228795341799
2056,3.61274777232224,7.750421720264863e-06,3.61274777232224,0.00019602760081222293
2057,3.614748136024731,7.770967063739887e-06,3.6147481360247316,0.00019655552689418264
2058,3.616748499727223,7.791612681588356e-06,3.616748499727223,0.00019708608352096344
2059,3.618748863429714,7.812359222689937e-06,3.6187488634297145,0.0001976192881632821
2060,3.6207492271322055,7.833207341349748e-06,3.620749227132206,0.00019815515844245202
2061,3.622749590834697,7.854157697352772e-06,3.622749590834697,0.00019869371213194966
2062,3.6247499545371884,7.87521095601891e-06,3.6247499545371884,0.00019923496715899887
2063,3.6267503182396794,7.896367788258777e-06,3.62675031823968,0.0001997789416061756
2064,3.6287506819421713,7.917628870630055e-06,3.6287506819421713,0.00020032565371303206
2065,3.6307510456446623,7.938994885394536e-06,3.6307510456446628,0.0002008751218777407
2066,3.6327514093471542,7.96046652057591e-06,3.632751409347154,0.0002014273646587588
2067,3.6347517730496453,7.982044470018128e-06,3.6347517730496453,0.0002019824007765136
2068,3.6367521367521363,8.003729433444564e-06,3.6367521367521367,0.00020254024911510818
2069,3.638752500454628,8.025522116517822e-06,3.638752500454628,0.0002031009287240486
2070,3.640752864157119,8.047423230900246e-06,3.6407528641571196,0.00020366445881999265
2071,3.64275322785961,8.069433494315226e-06,3.6427532278596106,0.00020423085878852024
2072,3.644753591562102,8.091553630609162e-06,3.644753591562102,0.00020480014818592581
2073,3.646753955264593,8.113784369814181e-06,3.6467539552645936,0.00020537234674103356
2074,3.648754318967084,8.136126448211686e-06,3.648754318967085,0.00020594747435703512
2075,3.650754682669576,8.15858060839657e-06,3.6507546826695765,0.00020652555111335023
2076,3.652755046372067,8.181147599342232e-06,3.6527550463720675,0.0002071065972675112
2077,3.654755410074559,8.203828176466454e-06,3.654755410074559,0.0002076906332570705
2078,3.65675577377705,8.226623101697938e-06,3.65675577377705,0.0002082776797015332
2079,3.6587561374795414,8.249533143543802e-06,3.6587561374795414,0.00020886775740431372
2080,3.660756501182033,8.272559077157767e-06,3.660756501182033,0.00020946088735471655
2081,3.6627568648845243,8.295701684409234e-06,3.662756864884524,0.000210057090729943
2082,3.6647572285870154,8.318961753953226e-06,3.6647572285870154,0.00021065638889712336
2083,3.6667575922895073,8.342340081301132e-06,3.666757592289507,0.00021125880341537487
2084,3.6687579559919983,8.365837468892315e-06,3.6687579559919983,0.0002118643560378856
2085,3.6707583196944893,8.38945472616667e-06,3.6707583196944897,0.00021247306871402595
2086,3.672758683396981,8.413192669637998e-06,3.6727586833969808,0.00021308496359148579
2087,3.674759047099472,8.437052122968277e-06,3.674759047099472,0.00021370006301844074
2088,3.676759410801964,8.461033917042954e-06,3.6767594108019637,0.00021431838954574507
2089,3.678759774504455,8.485138890046996e-06,3.678759774504455,0.00021493996592915308
2090,3.680760138206946,8.50936788754205e-06,3.6807601382069466,0.00021556481513156987
2091,3.682760501909438,8.533721762544462e-06,3.6827605019094376,0.0002161929603253306
2092,3.684760865611929,8.55820137560425e-06,3.684760865611929,0.0002168244248945093
2093,3.68676122931442,8.582807594885145e-06,3.6867612293144205,0.00021745923243725809
2094,3.688761593016912,8.607541296245559e-06,3.688761593016912,0.00021809740676817648
2095,3.690761956719403,8.632403363320546e-06,3.6907619567194034,0.00021873897192071213
2096,3.6927623204218945,8.657394687604877e-06,3.6927623204218945,0.00021938395214959216
2097,3.694762684124386,8.682516168537072e-06,3.694762684124386,0.0002200323719332868
2098,3.6967630478268774,8.7077687135845e-06,3.6967630478268774,0.00022068425597650566
2099,3.698763411529369,8.73315323832959e-06,3.698763411529369,0.00022133962921272636
2100,3.7007637752318603,8.758670666557061e-06,3.7007637752318603,0.00022199851680675643
2101,3.7027641389343513,8.784321930342335e-06,3.7027641389343513,0.00022266094415732924
2102,3.704764502636843,8.810107970140987e-06,3.7047645026368428,0.00022332693689973456
2103,3.706764866339334,8.836029734879345e-06,3.706764866339334,0.00022399652090848336
2104,3.7087652300418252,8.862088182046303e-06,3.7087652300418257,0.00022466972230000823
2105,3.710765593744317,8.888284277786214e-06,3.710765593744317,0.00022534656743540012
2106,3.712765957446808,8.914618996992985e-06,3.712765957446808,0.00022602708292318103
2107,3.714766321149299,8.941093323405427e-06,3.7147663211492996,0.00022671129562211388
2108,3.716766684851791,8.967708249703774e-06,3.716766684851791,0.00022739923264405033
2109,3.718767048554282,8.994464777607391e-06,3.7187670485542825,0.00022809092135681636
2110,3.720767412256774,9.021363917973874e-06,3.720767412256774,0.0002287863893871368
2111,3.722767775959265,9.048406690899248e-06,3.722767775959265,0.00022948566462359938
2112,3.724768139661756,9.07559412581961e-06,3.7247681396617565,0.0002301887752196585
2113,3.726768503364248,9.102927261613987e-06,3.726768503364248,0.00023089574959667998
2114,3.728768867066739,9.130407146708511e-06,3.7287688670667394,0.00023160661644702646
2115,3.7307692307692304,9.158034839182042e-06,3.730769230769231,0.00023232140473718565
2116,3.732769594471722,9.185811406873068e-06,3.732769594471722,0.00023304014371093988
2117,3.7347699581742133,9.213737927487978e-06,3.7347699581742133,0.00023376286289258027
2118,3.7367703218767043,9.241815488710854e-06,3.7367703218767048,0.00023448959209016346
2119,3.7387706855791962,9.270045188314598e-06,3.7387706855791962,0.00023522036139881383
2120,3.7407710492816872,9.29842813427349e-06,3.7407710492816877,0.0002359552012040707
2121,3.742771412984179,9.326965444877352e-06,3.7427714129841787,0.00023669414218528145
2122,3.74477177668667,9.35565824884702e-06,3.74477177668667,0.00023743721531904152
2123,3.746772140389161,9.384507685451527e-06,3.7467721403891616,0.0002381844518826819
2124,3.748772504091653,9.413514904626672e-06,3.748772504091653,0.0002389358834578046
2125,3.750772867794144,9.442681067095197e-06,3.7507728677941445,0.0002396915419338675
2126,3.752773231496635,9.472007344488631e-06,3.7527732314966356,0.00024045145951181866
2127,3.754773595199127,9.501494919470638e-06,3.754773595199127,0.00024121566870778134
2128,3.756773958901618,9.531144985861996e-06,3.7567739589016185,0.00024198420235679041
2129,3.75877432260411,9.560958748767388e-06,3.75877432260411,0.00024275709361658095
2130,3.760774686306601,9.590937424703658e-06,3.7607746863066014,0.00024353437597142994
2131,3.762775050009092,9.621082241729965e-06,3.7627750500090924,0.0002443160832360517
2132,3.764775413711584,9.65139443957959e-06,3.764775413711584,0.0002451022495595485
2133,3.766775777414075,9.681875269793454e-06,3.766775777414075,0.00024589290942941616
2134,3.7687761411165663,9.71252599585558e-06,3.768776141116567,0.0002466880976756076
2135,3.770776504819058,9.743347893330225e-06,3.770776504819058,0.0002474878494746511
2136,3.7727768685215493,9.77434225000089e-06,3.7727768685215493,0.00024829220035383135
2137,3.7747772322240403,9.805510366011319e-06,3.7747772322240403,0.00024910118619542464
2138,3.776777595926532,9.83685355400822e-06,3.776777595926532,0.00024991484324099993
2139,3.778777959629023,9.86837313928604e-06,3.778777959629023,0.00025073320809577553
2140,3.780778323331515,9.900070459933711e-06,3.780778323331515,0.0002515563177330443
2141,3.782778687034006,9.931946866983275e-06,3.7827786870340057,0.00025238420949865565
2142,3.784779050736497,9.964003724560687e-06,3.7847790507364976,0.0002532169211155687
2143,3.786779414438989,9.99624241003855e-06,3.7867794144389886,0.00025405449068846477
2144,3.78877977814148,1.0028664314190977e-05,3.7887797781414805,0.00025489695670843167
2145,3.790780141843971,1.0061270841350621e-05,3.7907801418439715,0.00025574435805771084
2146,3.792780505546463,1.0094063409567802e-05,3.792780505546463,0.00025659673401451887
2147,3.794780869248954,1.0127043450771796e-05,3.794780869248954,0.0002574541242579326
2148,3.796781232951445,1.0160212410934457e-05,3.796781232951446,0.00025831656887285206
2149,3.798781596653937,1.0193571750236007e-05,3.798781596653937,0.0002591841083550291
2150,3.800781960356428,1.0227122943233084e-05,3.800781960356429,0.00026005678361617617
2151,3.80278232405892,1.026086747902927e-05,3.8027823240589194,0.00026093463598914345
2152,3.804782687761411,1.02948068614478e-05,3.8047826877614113,0.0002618177072331784
2153,3.8067830514639023,1.0328942609206846e-05,3.8067830514639023,0.0002627060395392564
2154,3.8087834151663937,1.0363276256097112e-05,3.808783415166394,0.0002635996755354962
2155,3.810783778868885,1.0397809351161949e-05,3.810783778868885,0.0002644986582926493
2156,3.812784142571376,1.0432543458880062e-05,3.8127841425713767,0.0002654030313296768
2157,3.814784506273868,1.046748015935069e-05,3.8147845062738677,0.0002663128386194029
2158,3.816784869976359,1.0502621048481372e-05,3.8167848699763596,0.0002672281245942589
2159,3.81878523367885,1.053796773817849e-05,3.8187852336788506,0.00026814893415210594
2160,3.820785597381342,1.0573521856540362e-05,3.8207855973813425,0.0002690753126621523
2161,3.822785961083833,1.0609285048053096e-05,3.822785961083833,0.00027000730597095187
2162,3.824786324786325,1.0645258973789306e-05,3.824786324786325,0.00027094496040849943
2163,3.826786688488816,1.0681445311609503e-05,3.826786688488816,0.0002718883227944118
2164,3.828787052191307,1.0717845756366502e-05,3.828787052191308,0.0002728374404442079
2165,3.830787415893799,1.075446202011264e-05,3.830787415893799,0.00027379236117567766
2166,3.83278777959629,1.0791295832309925e-05,3.8327877795962895,0.0002747531333153536
2167,3.834788143298781,1.0828348940043362e-05,3.8347881432987814,0.00027571980570507645
2168,3.836788507001273,1.086562310823717e-05,3.8367885070012724,0.0002766924277086609
2169,3.838788870703764,1.0903120119874109e-05,3.8387888707037643,0.00027767104921866707
2170,3.840789234406255,1.094084177621812e-05,3.840789234406255,0.00027865572066326923
2171,3.8427895981087468,1.0978789897040033e-05,3.8427895981087468,0.00027964649301323683
2172,3.8447899618112378,1.1016966320846524e-05,3.8447899618112378,0.00028064341778901575
2173,3.8467903255137297,1.105537290511259e-05,3.8467903255137297,0.00028164654706792545
2174,3.848790689216221,1.1094011526517077e-05,3.8487906892162207,0.00028265593349146076
2175,3.850791052918712,1.113288408118198e-05,3.8507910529187126,0.0002836716302727129
2176,3.852791416621204,1.1171992484914982e-05,3.852791416621203,0.00028469369120389916
2177,3.854791780323695,1.1211338673455603e-05,3.854791780323695,0.0002857221706640163
2178,3.856792144026186,1.1250924602725049e-05,3.856792144026186,0.0002867571236266067
2179,3.858792507728678,1.1290752249079607e-05,3.858792507728678,0.0002877986056676523
2180,3.860792871431169,1.1330823609567767e-05,3.8607928714311686,0.0002888466729735854
2181,3.86279323513366,1.1371140702191263e-05,3.8627932351336605,0.000289901382349432
2182,3.864793598836152,1.1411705566169854e-05,3.8647935988361515,0.00029096279122707656
2183,3.866793962538643,1.1452520262209958e-05,3.8667939625386434,0.00029203095767366393
2184,3.868794326241135,1.1493586872777514e-05,3.8687943262411344,0.00029310594040012685
2185,3.870794689943626,1.1534907502374598e-05,3.8707946899436263,0.00029418779876985636
2186,3.872795053646117,1.1576484277820438e-05,3.872795053646117,0.0002952765928075015
2187,3.8747954173486088,1.1618319348536408e-05,3.8747954173486088,0.00029637238320791786
2188,3.8767957810511,1.1660414886835345e-05,3.8767957810511,0.0002974752313452505
2189,3.878796144753591,1.1702773088215316e-05,3.8787961447535917,0.0002985851992821704
2190,3.8807965084560827,1.174539617165766e-05,3.8807965084560823,0.0002997023497792506
2191,3.8827968721585737,1.1788286379929505e-05,3.882796872158574,0.000300826746304502
2192,3.884797235861065,1.1831445979891008e-05,3.884797235861065,0.00030195845304305355
2193,3.886797599563557,1.1874877262807087e-05,3.886797599563557,0.00030309753490699836
2194,3.888797963266048,1.1918582544663887e-05,3.888797963266048,0.0003042440575453898
2195,3.89079832696854,1.1962564166490187e-05,3.89079832696854,0.0003053980873544092
2196,3.892798690671031,1.200682449468349e-05,3.8927986906710306,0.0003065596914876901
2197,3.894799054373522,1.2051365921341291e-05,3.8947990543735225,0.0003077289378668194
2198,3.896799418076014,1.2096190864597287e-05,3.8967994180760135,0.0003089058951920022
2199,3.898799781778505,1.2141301768962704e-05,3.8987997817785054,0.00031009063295290933
2200,3.900800145480996,1.2186701105673021e-05,3.900800145480996,0.0003112832214396962
2201,3.902800509183488,1.2232391373039878e-05,3.902800509183488,0.0003124837317542094
2202,3.904800872885979,1.2278375096808426e-05,3.904800872885979,0.00031369223582137216
2203,3.90680123658847,1.2324654830520326e-05,3.906801236588471,0.00031490880640076596
2204,3.908801600290962,1.2371233155882228e-05,3.908801600290962,0.00031613351709839553
2205,3.910801963993453,1.2418112683139985e-05,3.9108019639934537,0.0003173664423786596
2206,3.9128023276959447,1.2465296051458818e-05,3.9128023276959443,0.00031860765757651076
2207,3.9148026913984357,1.251278592930921e-05,3.914802691398436,0.0003198572389098303
2208,3.9168030551009267,1.2560585014859023e-05,3.916803055100927,0.0003211152634919988
2209,3.9188034188034186,1.2608696036371651e-05,3.918803418803419,0.0003223818093446897
2210,3.9208037825059097,1.265712175261034e-05,3.9208037825059097,0.00032365695541086763
2211,3.922804146208401,1.2705864953249125e-05,3.9228041462084016,0.00032494078156801714
2212,3.9248045099108926,1.2754928459290003e-05,3.9248045099108926,0.00032623336864158486
2213,3.926804873613384,1.2804315123486738e-05,3.9268048736133845,0.0003275347984186613
2214,3.928805237315875,1.2854027830775542e-05,3.9288052373158755,0.0003288451536618843
2215,3.930805601018367,1.2904069498712407e-05,3.9308056010183674,0.0003301645181235914
2216,3.932805964720858,1.2954443077917428e-05,3.932805964720858,0.0003314929765602034
2217,3.93480632842335,1.3005151552526366e-05,3.93480632842335,0.0003328306147468659
2218,3.936806692125841,1.3056197940649172e-05,3.936806692125841,0.0003341775194923321
2219,3.938807055828332,1.3107585294836118e-05,3.938807055828333,0.0003355337786541136
2220,3.940807419530824,1.315931670255125e-05,3.9408074195308234,0.000336899481153882
2221,3.942807783233315,1.3211395286653422e-05,3.9428077832333153,0.0003382747169931489
2222,3.944808146935806,1.32638242058853e-05,3.9448081469358063,0.0003396595772692086
2223,3.9468085106382977,1.331660665537012e-05,3.946808510638298,0.0003410541541913687
2224,3.9488088743407888,1.3369745867116386e-05,3.948808874340789,0.00034245854109745435
2225,3.9508092380432798,1.3423245110531098e-05,3.9508092380432798,0.0003438728324706123
2226,3.9528096017457717,1.3477107692941033e-05,3.9528096017457717,0.0003452971239564038
2227,3.9548099654482627,1.3531336960122597e-05,3.9548099654482627,0.00034673151238019787
2228,3.9568103291507546,1.3585936296840536e-05,3.9568103291507546,0.0003481760957648809
2229,3.9588106928532456,1.3640909127395156e-05,3.9588106928532456,0.0003496309733488682
2230,3.960811056555737,1.3696258916178886e-05,3.960811056555737,0.000351096245604448
2231,3.9628114202582285,1.3751989168241744e-05,3.962811420258228,0.00035257201425644075
2232,3.96481178396072,1.3808103429866206e-05,3.96481178396072,0.0003540583823012035
2233,3.966812147663211,1.3864605289151722e-05,3.966812147663211,0.00035555545402596376
2234,3.968812511365703,1.3921498376608795e-05,3.968812511365703,0.00035706333502851206
2235,3.970812875068194,1.3978786365762886e-05,3.9708128750681935,0.00035858213223723844
2236,3.972813238770685,1.4036472973768624e-05,3.9728132387706854,0.00036011195393154187
2237,3.974813602473177,1.409456196203408e-05,3.9748136024731764,0.00036165290976259936
2238,3.976813966175668,1.4153057136855448e-05,3.9768139661756683,0.0003632051107745231
2239,3.9788143298781598,1.4211962350062703e-05,3.9788143298781593,0.00036476866942589147
2240,3.9808146935806508,1.4271281499675679e-05,3.9808146935806508,0.00036634369961168736
2241,3.982815057283142,1.4331018530571663e-05,3.982815057283142,0.00036793031668562383
2242,3.9848154209856337,1.4391177435163969e-05,3.9848154209856337,0.0003695286374828945
2243,3.9868157846881247,1.4451762254092053e-05,3.9868157846881247,0.0003711387803433306
2244,3.9888161483906157,1.4512777076923592e-05,3.9888161483906166,0.00037276086513499807
2245,3.9908165120931076,1.457422604286826e-05,3.990816512093107,0.00037439501327821986
2246,3.9928168757955986,1.4636113341503744e-05,3.992816875795599,0.00037604134777005817
2247,3.99481723949809,1.4698443213514372e-05,3.99481723949809,0.0003776999932092396
2248,3.9968176032005815,1.4761219951442239e-05,3.996817603200582,0.0003793710758215595
2249,3.998817966903073,1.4824447900451207e-05,3.998817966903073,0.00038105472348575115
2250,4.000818330605565,1.4888131459104385e-05,4.000818330605565,0.00038275106575985223
2251,4.002818694308056,1.4952275080154632e-05,4.002818694308056,0.0003844602339080576
2252,4.004819058010547,1.501688327134919e-05,4.004819058010548,0.0003861823609280926
2253,4.006819421713039,1.5081960596247992e-05,4.006819421713038,0.00038791758157909233
2254,4.00881978541553,1.5147511675056279e-05,4.00881978541553,0.00038966603241002556
2255,4.010820149118021,1.5213541185471953e-05,4.010820149118021,0.0003914278517886465
2256,4.012820512820513,1.528005386354754e-05,4.012820512820513,0.0003932031799310164
2257,4.014820876523004,1.5347054504567327e-05,4.014820876523004,0.00039499215893157584
2258,4.016821240225495,1.541454796394009e-05,4.016821240225496,0.0003967949327938125
2259,4.018821603927987,1.548253915810742e-05,4.018821603927987,0.00039861164746150547
2260,4.020821967630478,1.5551033065468048e-05,4.020821967630479,0.00040044245085058965
2261,4.02282233133297,1.562003472731886e-05,4.02282233133297,0.00040228749288162606
2262,4.024822695035461,1.5689549248812256e-05,4.0248226950354615,0.0004041469255129176
2263,4.026823058737952,1.575958179993093e-05,4.026823058737952,0.0004060209027742591
2264,4.028823422440444,1.583013761647982e-05,4.028823422440444,0.00040790958080136347
2265,4.030823786142935,1.5901222001095847e-05,4.030823786142935,0.00040981311787095033
2266,4.032824149845426,1.5972840324276023e-05,4.0328241498454265,0.0004117316744365414
2267,4.0348245135479175,1.604499802542379e-05,4.0348245135479175,0.0004136654131649503
2268,4.0368248772504085,1.6117700613914318e-05,4.036824877250409,0.0004156144989735106
2269,4.0388252409529,1.6190953670179294e-05,4.0388252409529,0.00041757909906803064
2270,4.040825604655391,1.626476284681105e-05,4.040825604655392,0.00041955938298152194
2271,4.042825968357882,1.633913386968714e-05,4.042825968357883,0.0004215555226136891
2272,4.044826332060374,1.6414072539115152e-05,4.044826332060375,0.0004235676922712254
2273,4.046826695762865,1.648958473099854e-05,4.046826695762865,0.0004255960687089104
2274,4.048827059465356,1.656567639802398e-05,4.048827059465357,0.00042764083117155055
2275,4.050827423167848,1.664235357087041e-05,4.050827423167848,0.0004297021614367568
2276,4.052827786870339,1.6719622359440242e-05,4.05282778687034,0.0004317802438586082
2277,4.054828150572831,1.6797488954113707e-05,4.054828150572831,0.00043387526541219154
2278,4.056828514275323,1.687595962702613e-05,4.056828514275323,0.00043598741573906886
2279,4.058828877977814,1.6955040733368927e-05,4.058828877977814,0.00043811688719366424
2280,4.060829241680306,1.703473871271518e-05,4.060829241680306,0.0004402638748906218
2281,4.062829605382797,1.7115060090369514e-05,4.062829605382797,0.0004424285767531276
2282,4.064829969085288,1.719601147874369e-05,4.064829969085289,0.0004446111935622516
2283,4.06683033278778,1.7277599578757778e-05,4.066830332787779,0.0004468119290072979
2284,4.068830696490271,1.735983118126768e-05,4.06883069649027,0.00044903098973722447
2285,4.070831060192762,1.7442713168519936e-05,4.070831060192762,0.0004512685854131289
2286,4.072831423895254,1.7526252515633726e-05,4.072831423895253,0.00045352492876183715
2287,4.074831787597745,1.7610456292111113e-05,4.074831787597745,0.0004558002356306343
2288,4.076832151300236,1.7695331663376246e-05,4.076832151300236,0.0004580947250431363
2289,4.078832515002728,1.7780885892343667e-05,4.078832515002728,0.00046040861925636617
2290,4.080832878705219,1.7867126341016733e-05,4.080832878705219,0.0004627421438190284
2291,4.082833242407711,1.7954060472116922e-05,4.082833242407711,0.00046509552763104585
2292,4.084833606110202,1.804169585074413e-05,4.084833606110201,0.00046746900300435694
2293,4.086833969812693,1.813004014606941e-05,4.086833969812693,0.00046986280572503864
2294,4.088834333515185,1.821910113306023e-05,4.088834333515184,0.0004722771751167516
2295,4.090834697217676,1.8308886694239176e-05,4.090834697217676,0.00047471235410558005
2296,4.092835060920167,1.8399404821477245e-05,4.092835060920167,0.000477168589286261
2297,4.094835424622659,1.849066361782174e-05,4.094835424622659,0.0004796461309898778
2298,4.09683578832515,1.8582671299360053e-05,4.09683578832515,0.00048214523335301645
2299,4.098836152027641,1.867543619712029e-05,4.0988361520276415,0.00048466615438845934
2300,4.1008365157301325,1.8768966759009026e-05,4.1008365157301325,0.00048720915605741813
2301,4.1028368794326235,1.886327155178728e-05,4.102836879432624,0.0004897745043433846
2302,4.104837243135115,1.8958359263086003e-05,4.1048372431351146,0.0004923624693275985
2303,4.1068376068376065,1.9054238703461024e-05,4.1068376068376065,0.0004949733252662193
2304,4.1088379705400975,1.9150918808489464e-05,4.1088379705400975,0.0004976073506691996
2305,4.110838334242589,1.9248408640907654e-05,4.110838334242589,0.0005002648283809492
2306,4.11283869794508,1.9346717392791846e-05,4.11283869794508,0.0005029460456627954
2307,4.114839061647571,1.944585438778308e-05,4.114839061647572,0.0005056512942773247
2308,4.116839425350063,1.9545829083356497e-05,4.116839425350063,0.0005083808705746166
2309,4.118839789052554,1.964665107313652e-05,4.118839789052555,0.0005111350755804606
2310,4.120840152755045,1.9748330089259313e-05,4.120840152755046,0.0005139142150865655
2311,4.122840516457537,1.9850876004782776e-05,4.122840516457538,0.0005167185997428578
2312,4.124840880160028,1.9954298836145783e-05,4.124840880160028,0.0005195485451518813
2313,4.12684124386252,2.005860874567801e-05,4.12684124386252,0.0005224043719653971
2314,4.128841607565011,2.0163816044160593e-05,4.128841607565011,0.0005252864059832008
2315,4.130841971267503,2.026993119344012e-05,4.130841971267503,0.0005281949782542563
2316,4.132842334969994,2.037696480909598e-05,4.132842334969994,0.0005311304251801731
2317,4.134842698672486,2.0484927663162994e-05,4.134842698672486,0.0005340930886211242
2318,4.136843062374977,2.0593830686910857e-05,4.136843062374977,0.0005370833160042363
2319,4.138843426077469,2.0703684973680943e-05,4.138843426077469,0.0005401014604345575
2320,4.14084378977996,2.0814501781782464e-05,4.14084378977996,0.0005431478808086335
2321,4.142844153482451,2.0926292537449477e-05,4.142844153482452,0.0005462229419308052
2322,4.144844517184943,2.1039068837859657e-05,4.144844517184942,0.0005493270146322607
2323,4.146844880887434,2.115284245421661e-05,4.146844880887434,0.0005524604758929623
2324,4.148845244589926,2.1267625334897713e-05,4.148845244589925,0.0005556237089664811
2325,4.150845608292417,2.1383429608667998e-05,4.150845608292417,0.0005588171035078731
2326,4.152845971994908,2.150026758796297e-05,4.152845971994908,0.0005620410557046256
2327,4.1548463356974,2.1618151772240953e-05,4.1548463356974,0.0005652959684108165
2328,4.156846699399891,2.173709485140711e-05,4.156846699399891,0.000568582251284527
2329,4.158847063102382,2.1857109709311278e-05,4.158847063102383,0.000571900320928645
2330,4.160847426804874,2.197820942732068e-05,4.160847426804874,0.0005752506010351123
2331,4.162847790507365,2.2100407287969652e-05,4.1628477905073655,0.0005786335225327602
2332,4.164848154209856,2.222371677868887e-05,4.164848154209856,0.0005820495237387894
2333,4.166848517912348,2.2348151595615073e-05,4.166848517912348,0.0005854990505140453
2334,4.168848881614839,2.2473725647483765e-05,4.168848881614839,0.0005889825564221557
2335,4.1708492453173305,2.2600453059607456e-05,4.1708492453173305,0.0005925005028926853
2336,4.1728496090198215,2.272834817794038e-05,4.1728496090198215,0.0005960533593883802
2337,4.1748499727223125,2.2857425573233292e-05,4.174849972722313,0.0005996416035766708
2338,4.176850336424804,2.298770004527944e-05,4.176850336424804,0.0006032657215055079
2339,4.178850700127295,2.3119186627254436e-05,4.178850700127296,0.0006069262077837114
2340,4.180851063829786,2.3251900590152988e-05,4.180851063829787,0.0006106235657659143
2341,4.182851427532278,2.3385857447323895e-05,4.182851427532278,0.0006143583077422884
2342,4.184851791234769,2.3521072959106395e-05,4.184851791234769,0.0006181309551331587
2343,4.18685215493726,2.365756313757088e-05,4.18685215493726,0.0006219420386886611
2344,4.188852518639752,2.3795344251365724e-05,4.188852518639752,0.0006257920986936243
2345,4.190852882342243,2.3934432830673448e-05,4.190852882342243,0.0006296816851777801
2346,4.192853246044735,2.4074845672279556e-05,4.192853246044735,0.0006336113581315297
2347,4.194853609747226,2.4216599844755684e-05,4.194853609747226,0.0006375816877273676
2348,4.196853973449717,2.4359712693761606e-05,4.196853973449718,0.0006415932545472075
2349,4.198854337152209,2.4504201847467825e-05,4.198854337152209,0.0006456466498157218
2350,4.2008547008547,2.4650085222102574e-05,4.200854700854701,0.0006497424756399501
2351,4.202855064557192,2.4797381027626866e-05,4.202855064557192,0.0006538813452553055
2352,4.204855428259683,2.494610777354003e-05,4.204855428259683,0.0006580638832782439
2353,4.206855791962175,2.5096284274819682e-05,4.206855791962174,0.0006622907259657422
2354,4.208856155664666,2.524792965800029e-05,4.208856155664666,0.0006665625214818618
2355,4.210856519367158,2.540106336739282e-05,4.210856519367157,0.000670879930171562
2356,4.212856883069649,2.5555705171449972e-05,4.212856883069649,0.0006752436248420553
2357,4.214857246772141,2.5711875169281295e-05,4.21485724677214,0.0006796542910518823
2358,4.216857610474632,2.586959379732096e-05,4.216857610474632,0.0006841126274080207
2359,4.218857974177123,2.602888183615386e-05,4.218857974177123,0.00068861934587122
2360,4.220858337879615,2.618976041750306e-05,4.220858337879615,0.0006931751720698961
2361,4.222858701582106,2.6352251031383405e-05,4.222858701582106,0.0006977808456227988
2362,4.224859065284597,2.6516375533426545e-05,4.224859065284597,0.0007024371204708049
2363,4.226859428987089,2.6682156152380807e-05,4.226859428987088,0.0007071447652180712
2364,4.22885979268958,2.6849615497791335e-05,4.22885979268958,0.000711904563482923
2365,4.230860156392071,2.7018776567866152e-05,4.230860156392071,0.0007167173142587347
2366,4.232860520094563,2.7189662757531964e-05,4.232860520094563,0.0007215838322852022
2367,4.234860883797054,2.7362297866685635e-05,4.234860883797054,0.0007265049484302906
2368,4.2368612474995455,2.7536706108647507e-05,4.2368612474995455,0.0007314815100832805
2369,4.2388616112020365,2.7712912118820474e-05,4.2388616112020365,0.0007365143815592228
2370,4.2408619749045275,2.78909409635626e-05,4.240861974904528,0.00074160444451526
2371,4.2428623386070194,2.8070818149277656e-05,4.2428623386070194,0.0007467525983791444
2372,4.2448627023095105,2.8252569631730396e-05,4.2448627023095105,0.0007519597607904509
2373,4.2468630660120015,2.843622182559354e-05,4.2468630660120015,0.0007572268680548423
2374,4.248863429714493,2.8621801614231858e-05,4.248863429714493,0.0007625548756119182
2375,4.250863793416984,2.8809336359730777e-05,4.250863793416984,0.0007679447585170443
2376,4.252864157119475,2.8998853913177075e-05,4.252864157119476,0.0007733975119377279
2377,4.254864520821967,2.9190382625197727e-05,4.254864520821967,0.0007789141516649737
2378,4.256864884524458,2.9383951356764993e-05,4.256864884524459,0.00078449571464023
2379,4.25886524822695,2.95795894902761e-05,4.25886524822695,0.0007901432594983964
2380,4.260865611929441,2.977732694091388e-05,4.260865611929442,0.0007958578671275542
2381,4.262865975631932,2.997719416829856e-05,4.262865975631933,0.0008016406412459279
2382,4.264866339334424,3.0179222188437567e-05,4.264866339334424,0.0008074927089967952
2383,4.266866703036915,3.0383442585982705e-05,4.266866703036915,0.0008134152215619009
2384,4.268867066739406,3.058988752680463e-05,4.268867066739407,0.0008194093547941443
2385,4.270867430441898,3.079858977089257e-05,4.270867430441898,0.0008254763098701536
2386,4.272867794144389,3.100958268558962e-05,4.27286779414439,0.0008316173139635729
2387,4.274868157846881,3.122290025917442e-05,4.274868157846881,0.0008378336209397346
2388,4.276868521549372,3.1438577114798183e-05,4.276868521549373,0.0008441265120726127
2389,4.278868885251864,3.165664852478844e-05,4.278868885251864,0.0008504972967847894
2390,4.280869248954355,3.1877150425331445e-05,4.280869248954356,0.0008569473134114029
2391,4.282869612656847,3.210011943154251e-05,4.282869612656847,0.0008634779299888862
2392,4.284869976359338,3.2325592852938975e-05,4.284869976359338,0.0008700905450695347
2393,4.28687034006183,3.255360870932547e-05,4.286870340061829,0.0008767865885627987
2394,4.288870703764321,3.278420574710548e-05,4.288870703764321,0.0008835675226044226
2395,4.290871067466812,3.301742345603269e-05,4.290871067466812,0.0008904348424544108
2396,4.292871431169304,3.325330208641461e-05,4.292871431169304,0.0008973900774250452
2397,4.294871794871795,3.349188266678273e-05,4.294871794871795,0.0009044347918400213
2398,4.296872158574286,3.373320702204522e-05,4.296872158574287,0.0009115705860260391
2399,4.298872522276778,3.397731779213495e-05,4.298872522276778,0.0009187990973380216
2400,4.300872885979269,3.422425845116985e-05,4.300872885979269,0.0009261220012194051
2401,4.3028732496817605,3.44740733271423e-05,4.3028732496817605,0.0009335410122988206
2402,4.304873613384252,3.4726807622152e-05,4.304873613384251,0.0009410578855246652
2403,4.306873977086743,3.498250743320266e-05,4.306873977086743,0.0009486744173391322
2404,4.3088743407892345,3.5241219773577785e-05,4.308874340789234,0.0009563924468932164
2405,4.3108747044917255,3.550299259481549e-05,4.3108747044917255,0.0009642138573044923
2406,4.3128750681942165,3.5767874809302064e-05,4.3128750681942165,0.0009721405769592993
2407,4.314875431896708,3.603591631350284e-05,4.314875431896708,0.000980174580861303
2408,4.316875795599199,3.630716801185175e-05,4.316875795599199,0.000988317892028241
2409,4.31887615930169,3.658168184132207e-05,4.318876159301691,0.0009965725829390003
2410,4.320876523004182,3.685951079669864e-05,4.320876523004182,0.0010049407770330208
2411,4.322876886706673,3.714070895657573e-05,4.322876886706674,0.0010134246502643825
2412,4.324877250409165,3.742533151010531e-05,4.324877250409164,0.0010220264327127726
2413,4.326877614111656,3.771343478451817e-05,4.326877614111656,0.0010307484102539193
2414,4.328877977814147,3.800507627344655e-05,4.328877977814147,0.0010395929262919238
2415,4.330878341516639,3.830031466607269e-05,4.330878341516639,0.0010485623835563246
2416,4.33287870521913,3.859920987713166e-05,4.33287870521913,0.0010576592459665894
2417,4.334879068921621,3.8901823077798625e-05,4.334879068921622,0.0010668860405671483
2418,4.336879432624113,3.9208216727488333e-05,4.336879432624113,0.0010762453595359522
2419,4.338879796326604,3.9518454606598686e-05,4.338879796326605,0.0010857398622699898
2420,4.340880160029096,3.983260185023204e-05,4.340880160029096,0.0010953722775510664
2421,4.342880523731587,4.015072498292447e-05,4.342880523731588,0.0011051454057956266
2422,4.344880887434078,4.047289195442175e-05,4.344880887434078,0.001115062121392302
2423,4.34688125113657,4.079917217653463e-05,4.34688125113657,0.0011251253751313438
2424,4.348881614839061,4.1129636561112644e-05,4.348881614839061,0.0011353381967300344
2425,4.350881978541552,4.146435755917607e-05,4.350881978541553,0.0011457036974586877
2426,4.352882342244044,4.180340920124495e-05,4.352882342244044,0.0011562250728717803
2427,4.354882705946536,4.214686713890784e-05,4.354882705946536,0.001166905605649324
2428,4.356883069649027,4.2494808687675665e-05,4.356883069649027,0.0011777486685535395
2429,4.358883433351519,4.2847312871163715e-05,4.358883433351519,0.0011887577275064966
2430,4.36088379705401,4.320446046665057e-05,4.36088379705401,0.0011999363447943673
2431,4.362884160756502,4.3566334052064394e-05,4.362884160756502,0.0012112881824045808
2432,4.364884524458993,4.3933018054444707e-05,4.364884524458992,0.001222817005502189
2433,4.366884888161484,4.430459879993707e-05,4.366884888161484,0.0012345266860524387
2434,4.368885251863976,4.4681164565372825e-05,4.368885251863975,0.0012464212065966033
2435,4.370885615566467,4.506280563149324e-05,4.370885615566467,0.0012585046641888755
2436,4.372885979268958,4.5449614337879556e-05,4.372885979268958,0.0012707812745022084
2437,4.3748863429714495,4.5841685139649005e-05,4.3748863429714495,0.0012832553761118227
2438,4.3768867066739405,4.623911466598394e-05,4.3768867066739405,0.001295931434965229
2439,4.3788870703764315,4.664200178056279e-05,4.378887070376432,0.0013088140490484935
2440,4.3808874340789234,4.705044764396196e-05,4.3808874340789234,0.0013219079532587033
2441,4.3828877977814145,4.746455577810348e-05,4.382887797781415,0.001335218024493527
2442,4.384888161483906,4.788443213282723e-05,4.3848881614839055,0.0013487492869690533
2443,4.386888525186397,4.8310185154664445e-05,4.386888525186397,0.0013625069177781548
2444,4.388888888888888,4.874192585790081e-05,4.388888888888888,0.0013764962527019592
2445,4.39088925259138,4.9179767898013105e-05,4.39088925259138,0.0013907227922882028
2446,4.392889616293871,4.962382764757169e-05,4.392889616293871,0.0014051922082106629
2447,4.394889979996362,5.007422427470617e-05,4.394889979996363,0.0014199103499251842
2448,4.396890343698854,5.053107982423038e-05,4.396890343698854,0.001434883251638346
2449,4.398890707401345,5.099451930153197e-05,4.398890707401346,0.0014501171396062748
2450,4.400891071103836,5.1464670759336685e-05,4.400891071103837,0.0014656184397817788
2451,4.402891434806328,5.19416653874573e-05,4.402891434806329,0.0014813937858295938
2452,4.404891798508819,5.242563760564713e-05,4.404891798508819,0.0014974500275303528
2453,4.406892162211311,5.291672515968331e-05,4.406892162211311,0.0015137942395957128
2454,4.408892525913802,5.341506922080473e-05,4.408892525913802,0.0015304337309180573
2455,4.410892889616293,5.392081448864461e-05,4.410892889616294,0.001547376054280241
2456,4.412893253318785,5.443410929779496e-05,4.412893253318785,0.0015646290165520493
2457,4.414893617021276,5.4955105728151364e-05,4.414893617021277,0.0015822006894023535
2458,4.416893980723767,5.548395971919526e-05,4.416893980723768,0.0016000994205573778
2459,4.418894344426259,5.60208311883709e-05,4.418894344426259,0.0016183338456381272
2460,4.42089470812875,5.656588415372828e-05,4.420894708128751,0.0016369129006118192
2461,4.422895071831241,5.711928686101043e-05,4.422895071831241,0.001655845834894894
2462,4.424895435533733,5.768121191536707e-05,4.424895435533733,0.0016751422251478337
2463,4.426895799236224,5.8251836417889934e-05,4.426895799236224,0.0016948119898045502
2464,4.428896162938716,5.883134210717547e-05,4.428896162938716,0.0017148654043826776
2465,4.430896526641207,5.941991550612247e-05,4.430896526641207,0.001735313117623866
2466,4.432896890343699,6.001774807419398e-05,4.432896890343699,0.001756166168517359
2467,4.434897254046191,6.0625036365372224e-05,4.43489725404619,0.001777436004263425
2468,4.436897617748682,6.124198219205374e-05,4.436897617748682,0.0017991344992380628
2469,4.438897981451173,6.186879279514421e-05,4.438897981451173,0.0018212739750243245
2470,4.4408983451536646,6.250568102061867e-05,4.4408983451536646,0.001843867221581223
2471,4.442898708856156,6.31528655028321e-05,4.442898708856155,0.0018669275196259113
2472,4.444899072558647,6.381057085488019e-05,4.444899072558647,0.0018904686643113349
2473,4.4468994362611385,6.447902786631774e-05,4.446899436261138,0.0019145049902872578
2474,4.4488997999636295,6.515847370856441e-05,4.4488997999636295,0.0019390513982401468
2475,4.450900163666121,6.584915214834529e-05,4.4509001636661205,0.001964123383014257
2476,4.452900527368612,6.655131376952065e-05,4.452900527368612,0.001989737063425161
2477,4.454900891071103,6.726521620369395e-05,4.454900891071103,0.0020159092138852075
2478,4.456901254773595,6.799112436999051e-05,4.456901254773595,0.002042657297970891
2479,4.458901618476086,6.872931072443014e-05,4.458901618476086,0.0020699995040720353
2480,4.460901982178577,6.948005551933852e-05,4.460901982178578,0.0020979547832751314
2481,4.462902345881069,7.024364707325782e-05,4.462902345881068,0.0021265428896451296
2482,4.46490270958356,7.102038205184849e-05,4.46490270958356,0.002155784423084779
2483,4.466903073286051,7.181056576030113e-05,4.466903073286051,0.0021857008749650883
2484,4.468903436988543,7.261451244779625e-05,4.468903436988543,0.002216314676738128
2485,4.470903800691034,7.343254562458644e-05,4.470903800691034,0.002247649251760949
2486,4.472904164393526,7.426499839230796e-05,4.472904164393526,0.0022797290705805994
2487,4.474904528096017,7.511221378814915e-05,4.474904528096017,0.0023125797099515224
2488,4.476904891798508,7.597454514355614e-05,4.476904891798509,0.002346227915882173
2489,4.478905255501,7.685235645817494e-05,4.478905255501,0.0023807016710337336
2490,4.480905619203491,7.774602278977947e-05,4.480905619203492,0.0024160302668246357
2491,4.482905982905982,7.865593066097697e-05,4.482905982905982,0.0024522443806265556
2492,4.484906346608474,7.9582478483516e-05,4.484906346608474,0.0024893761584749664
2493,4.486906710310965,8.052607700107948e-05,4.486906710310965,0.002527459303756636
2494,4.488907074013456,8.148714975149406e-05,4.488907074013457,0.002566529172382109
2495,4.490907437715948,8.246613354933165e-05,4.490907437715948,0.0026066228749996633
2496,4.492907801418439,8.346347898994345e-05,4.49290780141844,0.002647779386863327
2497,4.494908165120931,8.447965097602881e-05,4.494908165120931,0.002690039666027412
2498,4.496908528823422,8.551512926789085e-05,4.496908528823423,0.0027334467806092422
2499,4.498908892525913,8.657040905862013e-05,4.498908892525914,0.0027780460459361977
2500,4.500909256228405,8.764600157549904e-05,4.500909256228406,0.0028238851724789204
2501,4.502909619930896,8.874243470901035e-05,4.502909619930896,0.00287101442556552
2502,4.504909983633388,8.986025367091522e-05,4.504909983633388,0.002919486797978401
2503,4.506910347335879,9.100002168294387e-05,4.506910347335879,0.0029693581966519604
2504,4.508910711038371,9.216232069774584e-05,4.508910711038371,0.0030206876448231387
2505,4.510911074740862,9.33477521538479e-05,4.510911074740862,0.003073537501133871
2506,4.5129114384433535,9.455693776646329e-05,4.5129114384433535,0.003127973697352834
2507,4.5149118021458445,9.579052035612173e-05,4.5149118021458445,0.0031840659965702454
2508,4.516912165848336,9.704916471721288e-05,4.516912165848336,0.0032418882739327307
2509,4.5189125295508275,9.833355852865126e-05,4.5189125295508275,0.0033015188222226097
2510,4.5209128932533185,9.964441330903582e-05,4.520912893253319,0.003363040684857742
2511,4.52291325695581,0.00010098246541880243,4.5229132569558095,0.003426542019192076
2512,4.524913620658301,0.00010234847711204416,4.524913620658301,0.003492116493345489
2513,4.526913984360792,0.00010374323764084773,4.526913984360792,0.003559863720183286
2514,4.528914348063284,0.00010516756441516486,4.528914348063284,0.0036298897325153364
2515,4.530914711765775,0.00010662230422145008,4.530914711765775,0.003702307504092798
2516,4.532915075468266,0.00010810833450351014,4.532915075468267,0.0037772375215644216
2517,4.534915439170758,0.00010962656470922405,4.534915439170758,0.003854808413217449
2518,4.536915802873249,0.00011117793770705455,4.536915802873249,0.003935157641091932
2519,4.538916166575741,0.00011276343127653596,4.538916166575741,0.0040184322639289435
2520,4.540916530278232,0.0001143840596771899,4.540916530278232,0.004104789779418304
2521,4.542916893980723,0.00011604087530065718,4.542916893980723,0.004194399055367322
2522,4.544917257683215,0.00011773497041113358,4.544917257683214,0.004287441360743728
2523,4.546917621385706,0.00011946747897957318,4.546917621385706,0.004384111509088979
2524,4.548917985088197,0.00012123957861750656,4.548917985088197,0.004484619128579616
2525,4.550918348790689,0.00012305249261671992,4.550918348790689,0.0045891900750872515
2526,4.55291871249318,0.00012490749210150302,4.55291871249318,0.0046980680069919935
2527,4.554919076195671,0.0001268058983006605,4.554919076195672,0.004811516143311883
2528,4.556919439898163,0.0001287490849469834,4.556919439898163,0.004929819229982917
2529,4.558919803600654,0.00013073848081246223,4.558919803600655,0.0050532857429604556
2530,4.560920167303146,0.00013277557238813568,4.560920167303146,0.005182250361305352
2531,4.562920531005637,0.00013486190671810705,4.562920531005637,0.0053170767487071445
2532,4.564920894708128,0.00013699909439801903,4.564920894708128,0.0054581606881215885
2533,4.56692125841062,0.00013918881274901525,4.56692125841062,0.005605933621560903
2534,4.568921622113111,0.000141432809179091,4.568921622113111,0.005760866655783093
2535,4.570921985815602,0.00014373290474465234,4.570921985815603,0.0059234751049721274
2536,4.572922349518094,0.00014609099792608119,4.572922349518094,0.006094323653802937
2537,4.574922713220585,0.0001485090686322113,4.574922713220586,0.006274032238972442
2538,4.576923076923077,0.00015098918244980467,4.576923076923077,0.0064632827648354535
2539,4.578923440625568,0.00015353349515538132,4.5789234406255686,0.00666282678985196
2540,4.58092380432806,0.00015614425750818585,4.58092380432806,0.0068734943458732285
2541,4.582924168030551,0.00015882382034460715,4.582924168030551,0.0070962040828332655
2542,4.5849245317330425,0.00016157463999600887,4.584924531733042,0.007331974968314797
2543,4.5869248954355335,0.00016439928405381212,4.5869248954355335,0.0075819398161964605
2544,4.588925259138025,0.00016730043750761732,4.5889252591380245,0.007847360972933167
2545,4.590925622840516,0.00017028090928437891,4.590925622840516,0.008129648556236494
2546,4.592925986543007,0.0001733436392190477,4.592925986543007,0.008430381721759576
2547,4.594926350245499,0.0001764917054896989,4.594926350245499,0.008751333532342804
2548,4.59692671394799,0.0001797283325530816,4.59692671394799,0.009094500125715842
2549,4.598927077650481,0.00018305689961970712,4.598927077650482,0.009462135025657941
2550,4.600927441352973,0.0001864809497110469,4.600927441352973,0.009856789625072979
2551,4.602927805055464,0.00019000419934529336,4.602927805055464,0.010281361095425934
2552,4.604928168757956,0.00019363054890237218,4.604928168757955,0.010739149255428302
2553,4.606928532460447,0.0001973640937235235,4.606928532460447,0.011233924274808795
2554,4.608928896162938,0.00020120913600600078,4.608928896162938,0.0117700075106413
2555,4.61092925986543,0.00020517019755906507,4.61092925986543,0.01235236829042004
2556,4.612929623567921,0.00020925203349381167,4.612929623567921,0.012986740085671671
2557,4.614929987270412,0.00021345964692635398,4.614929987270413,0.013679760280177854
2558,4.616930350972904,0.00021779830478160594,4.616930350972904,0.014439138641899434
2559,4.618930714675395,0.00022227355479354443,4.618930714675396,0.015273860661030411
2560,4.620931078377886,0.00022689124380740981,4.620931078377887,0.016194433097949573
2561,4.622931442080378,0.0002316575374999018,4.622931442080378,0.017213180326159743
2562,4.624931805782869,0.00023657894164533588,4.624931805782869,0.01834460119728297
2563,4.626932169485361,0.00024166232506897124,4.626932169485361,0.019605796870992315
2564,4.628932533187852,0.0002469149444434418,4.628932533187852,0.02101697971397817
2565,4.630932896890343,0.0002523444711008708,4.630932896890344,0.022602070818341015
2566,4.632933260592835,0.0002579590200516738,4.632933260592835,0.02438938683618297
2567,4.634933624295326,0.00026376718142191296,4.634933624295327,0.026412402010718847
2568,4.636933987997817,0.00026977805454441594,4.636933987997818,0.028710542206235132
2569,4.638934351700309,0.00027600128496509064,4.63893435170031,0.031329913838670946
2570,4.6409347154028,0.00028244710465552157,4.640934715402801,0.03432377477336663
2571,4.642935079105292,0.00028912637575634933,4.642935079105292,0.037752390191084825
2572,4.644935442807783,0.00029605063821360383,4.644935442807783,0.04168164729587378
2573,4.646935806510274,0.0003032321617130482,4.646935806510275,0.0461793862003308
2574,4.648936170212766,0.0003106840023659282,4.648936170212766,0.05130781683487619
2575,4.650936533915257,0.0003184200646546888,4.650936533915257,0.05710969970859215
2576,4.6529368976177485,0.0003264551692098979,4.6529368976177485,0.06358549125129198
2577,4.6549372613202395,0.00033480512706100986,4.6549372613202395,0.07065925361528004
2578,4.6569376250227315,0.0003434868210853151,4.6569376250227315,0.07813450804474825
2579,4.6589379887252225,0.00035251829547287665,4.6589379887252225,0.0856496251713233
2580,4.660938352427714,0.0003619188541323448,4.660938352427714,0.09265628996629548
2581,4.662938716130205,0.00037170916908579903,4.6629387161302045,0.09845732415876986
2582,4.664939079832697,0.00038191140004265674,4.664939079832696,0.10233334698528553
2583,4.666939443535188,0.00039254932650633793,4.666939443535187,0.10374261626513916
2584,4.668939807237679,0.00040364849395706237,4.668939807237679,0.10251006707539642
2585,4.670940170940171,0.00041523637587371955,4.67094017094017,0.09889512247281591
2586,4.672940534642662,0.00042734255361338467,4.672940534642662,0.09349358356804865
2587,4.674940898345153,0.0004399989164648724,4.674940898345153,0.08703749683761998
2588,4.676941262047645,0.00045323988454064166,4.676941262047645,0.08020502816827636
2589,4.678941625750136,0.00046710265757934064,4.678941625750136,0.07351185261383912
2590,4.680941989452627,0.0004816274932105995,4.680941989452628,0.06728788081188393
2591,4.682942353155119,0.0004968580187984933,4.682942353155118,0.061705885658952
2592,4.68494271685761,0.0005128415816481277,4.68494271685761,0.05682741492120523
2593,4.686943080560102,0.0005296296431519952,4.686943080560101,0.052645433312623585
2594,4.688943444262593,0.0005472782233951581,4.688943444262593,0.04911621292320747
2595,4.690943807965084,0.0005658484038641994,4.690943807965084,0.0461802760511089
2596,4.692944171667576,0.0005854068972533302,4.692944171667576,0.04377485998559964
2597,4.694944535370067,0.0006060266949835916,4.694944535370067,0.041840659114356624
2598,4.696944899072558,0.0006277878050101228,4.696944899072559,0.040325035687804496
2599,4.69894526277505,0.0006507780948674376,4.69894526277505,0.039183205472925024
2600,4.700945626477541,0.0006750942577948958,4.700945626477542,0.03837834998738966
2601,4.702945990180032,0.0007008429233216844,4.702945990180032,0.0378812228252365
2602,4.704946353882524,0.0007281419380366299,4.704946353882524,0.03766957303232008
2603,4.706946717585015,0.0007571218476350105,4.706946717585015,0.03772756129686466
2604,4.708947081287507,0.0007879276179952622,4.708947081287507,0.038045260068149546
2605,4.710947444989998,0.0008207206413494249,4.710947444989998,0.038618282329518076
2606,4.712947808692489,0.0008556810840418295,4.71294780869249,0.039447560050945844
2607,4.714948172394981,0.0008930106455369867,4.714948172394981,0.040539282809364835
2608,4.716948536097472,0.0009329358150652156,4.7169485360974726,0.041905004051715634
2609,4.718948899799963,0.000975711733685899,4.718948899799964,0.04356192370047965
2610,4.720949263502455,0.0010216267970961379,4.7209492635024555,0.045533359323595785
2611,4.722949627204946,0.001071008170254457,4.722949627204946,0.04784942264214971
2612,4.724949990907437,0.0011242284316265328,4.7249499909074375,0.05054792263913643
2613,4.7269503546099285,0.0011817136264867779,4.7269503546099285,0.05367551958888892
2614,4.7289507183124195,0.0012439530906943866,4.72895071831242,0.05728915374103098
2615,4.730951082014911,0.0013115115164612952,4.730951082014911,0.06145776430032467
2616,4.732951445717403,0.0013850438809761977,4.732951445717403,0.06626429191310437
2617,4.734951809419894,0.0014653140635237168,4.734951809419894,0.07180790916797769
2618,4.736952173122386,0.0015532182607479797,4.736952173122386,0.07820632819862505
2619,4.738952536824877,0.0016498147084978234,4.738952536824877,0.08559785820124702
2620,4.740952900527368,0.001756361786086007,4.740952900527369,0.09414257358084144
2621,4.74295326422986,0.0018743673976481133,4.742953264229859,0.1040214219296195
2622,4.744953627932351,0.002005653725314479,4.744953627932351,0.11543123536504117
2623,4.746953991634842,0.002152443236963745,4.746953991634842,0.12857228346719324
2624,4.748954355337334,0.002317474543909381,4.748954355337334,0.14362317250562404
2625,4.750954719039825,0.002504160900299121,4.750954719039825,0.1606958272757691
2626,4.752955082742317,0.0027168107679344643,4.752955082742317,0.1797621275051797
2627,4.754955446444808,0.002960940598615187,4.754955446444808,0.20054642934689035
2628,4.756955810147299,0.0032437277917812743,4.7569558101473,0.22239018798387142
2629,4.758956173849791,0.003574682183211047,4.758956173849791,0.24412284430087214
2630,4.760956537552282,0.003966667963186331,4.760956537552283,0.264016521803245
2631,4.762956901254773,0.004437505562527168,4.762956901254773,0.27993579468182944
2632,4.764957264957265,0.005012568127937204,4.764957264957265,0.2897585837164378
2633,4.766957628659756,0.005729153578477514,4.766957628659756,0.29199143517424714
2634,4.768957992362247,0.0066441745684822215,4.768957992362247,0.2863014533688134
2635,4.770958356064739,0.007848379240834317,4.770958356064739,0.27364526883699786
2636,4.77295871976723,0.009494209329944646,4.77295871976723,0.25590950462517925
2637,4.774959083469722,0.011854085341546606,4.774959083469722,0.23529385862009505
2638,4.776959447172213,0.015451548076380254,4.776959447172213,0.2137689972110658
2639,4.778959810874704,0.021377978550697178,4.778959810874705,0.19279267436116432
2640,4.780960174577196,0.032078787774025896,4.780960174577195,0.17327075787834575
2641,4.782960538279687,0.05284507632545109,4.782960538279687,0.15565664625612435
2642,4.784960901982178,0.08768938227824956,4.784960901982178,0.14009026433753807
2643,4.78696126568467,0.10159643123509307,4.78696126568467,0.12652174767274904
2644,4.788961629387161,0.07155407659974748,4.788961629387161,0.11480179131201249
2645,4.790961993089652,0.04811635283628529,4.7909619930896525,0.10473998893574471
2646,4.7929623567921436,0.03882888234959306,4.7929623567921436,0.09613900900891736
2647,4.794962720494635,0.038098891112815884,4.7949627204946355,0.08881270221236541
2648,4.7969630841971265,0.04401506184241562,4.7969630841971265,0.08259439370189656
2649,4.7989634478996175,0.058354935938537314,4.798963447899618,0.07733959081251424
2650,4.8009638116021085,0.0878723249263088,4.8009638116021085,0.07292574974389952
2651,4.8029641753046,0.14829819340544884,4.8029641753046,0.06925066174941316
2652,4.804964539007091,0.25010991371470387,4.804964539007091,0.06623033572795556
2653,4.806964902709583,0.28316946632611656,4.806964902709583,0.06379684447540629
2654,4.808965266412074,0.18683309898483402,4.808965266412074,0.061896366409092046
2655,4.810965630114566,0.11161399466646948,4.810965630114566,0.06048752482576721
2656,4.812965993817057,0.0758775821527238,4.812965993817057,0.059540059070079664
2657,4.814966357519549,0.06134209554153851,4.814966357519549,0.059033829828167635
2658,4.81696672122204,0.05940070947402766,4.81696672122204,0.0589581484402565
2659,4.818967084924532,0.06894851831546969,4.818967084924532,0.05931141857067096
2660,4.820967448627023,0.09554996636792899,4.820967448627022,0.06010108256487426
2661,4.822967812329514,0.15452592421349723,4.822967812329514,0.061343871263669233
2662,4.824968176032006,0.25458502988714,4.824968176032005,0.06306636282260676
2663,4.826968539734497,0.28066160202446755,4.826968539734497,0.06530586122692388
2664,4.828968903436988,0.18093178063703158,4.828968903436988,0.06811160605997776
2665,4.83096926713948,0.10460167144260224,4.83096926713948,0.07154631736907142
2666,4.832969630841971,0.06650110286158209,4.832969630841971,0.07568805571899026
2667,4.834969994544462,0.047919351439481325,4.834969994544463,0.08063232478850943
2668,4.836970358246954,0.03942113819163488,4.836970358246954,0.0864942400548199
2669,4.838970721949445,0.03777323385104453,4.838970721949446,0.09341039548802714
2670,4.840971085651937,0.04355427323640233,4.840971085651936,0.10153972197291741
2671,4.842971449354428,0.061293401582845075,4.842971449354428,0.1110620580265454
2672,4.844971813056919,0.0930269432630138,4.844971813056919,0.12217222667667808
2673,4.846972176759411,0.09868070594747563,4.846972176759411,0.1350660100909822
2674,4.848972540461902,0.0639304783181101,4.848972540461902,0.14991251430506836
2675,4.850972904164393,0.03790130177649745,4.850972904164394,0.16680537988803243
2676,4.852973267866885,0.02442731460003966,4.852973267866885,0.18568446123198423
2677,4.854973631569376,0.017199564713560756,4.854973631569377,0.2062232430371003
2678,4.856973995271867,0.01294788586249229,4.856973995271868,0.2276912602528928
2679,4.858974358974359,0.010229129840706086,4.8589743589743595,0.248831462293594
2680,4.86097472267685,0.008370560165439505,4.86097472267685,0.2678368583241024
2681,4.8629750863793415,0.007031848837478423,4.8629750863793415,0.2825385600273176
2682,4.8649754500818325,0.0060271653471958495,4.8649754500818325,0.2908659947846901
2683,4.8669758137843235,0.005248154332870825,4.866975813784324,0.29147134502102773
2684,4.868976177486815,0.0046280364892593824,4.868976177486815,0.28421845973611704
2685,4.8709765411893065,0.00412368862341833,4.870976541189307,0.2702352466121136
2686,4.8729769048917975,0.003706140541216925,4.872976904891798,0.2514946713169036
2687,4.874977268594289,0.00335526296094376,4.87497726859429,0.23018939485106651
2688,4.87697763229678,0.0030566590249579357,4.876977632296781,0.2082221799106074
2689,4.878977995999272,0.00279977116308748,4.878977995999273,0.18696344803112325
2690,4.880978359701763,0.0025766870342378467,4.880978359701763,0.16724057364231554
2691,4.882978723404255,0.0023813627838603535,4.882978723404255,0.14944857969613115
2692,4.884979087106746,0.002209103754674576,4.884979087106746,0.1336892142878398
2693,4.886979450809238,0.0020562087557092295,4.886979450809237,0.11989007240877576
2694,4.888979814511729,0.001919721004770137,4.888979814511729,0.10788973666874302
2695,4.890980178214221,0.0017972503073557151,4.89098017821422,0.09749188661329175
2696,4.892980541916712,0.0016868438334213863,4.892980541916712,0.088496526484794
2697,4.894980905619203,0.0015868906955955801,4.894980905619203,0.08071621311810528
2698,4.896981269321695,0.0014960504550317955,4.896981269321695,0.07398321798667523
2699,4.898981633024186,0.0014131988397731439,4.898981633024186,0.068151580086955
2700,4.900981996726677,0.0013373860286371995,4.900981996726677,0.06309649743490765
2701,4.902982360429169,0.0012678042330401273,4.902982360429168,0.058712489741808004
2702,4.90498272413166,0.0012037622450610608,4.90498272413166,0.05491112945085303
2703,4.906983087834152,0.0011446652651049933,4.906983087834151,0.05161875971627633
2704,4.908983451536643,0.0010899987736702516,4.908983451536643,0.04877440112349119
2705,4.910983815239134,0.0010393155315608963,4.910983815239134,0.046327929695165165
2706,4.912984178941626,0.000992225022508404,4.912984178941626,0.04423854638979377
2707,4.914984542644117,0.000948384818971964,4.914984542644117,0.04247352827756799
2708,4.916984906346608,0.0009074934743991642,4.916984906346609,0.04100723939514484
2709,4.9189852700491,0.0008692846361398409,4.9189852700491,0.039820376596665326
2710,4.920985633751591,0.0008335221413193086,4.920985633751591,0.03889942780132897
2711,4.922985997454083,0.0007999959094751639,4.922985997454082,0.0382363242063982
2712,4.924986361156574,0.0007685184850305794,4.924986361156574,0.037828272693364105
2713,4.926986724859065,0.0007389221128602983,4.926986724859065,0.03767775866817119
2714,4.9289870885615565,0.0007110562535838627,4.9289870885615565,0.03779271179042765
2715,4.9309874522640476,0.0006847854634560205,4.9309874522640476,0.03818682582381797
2716,4.932987815966539,0.0006599875780458908,4.9329878159665395,0.03888001646547203
2717,4.9349881796690305,0.000636552150216484,4.9349881796690305,0.03989898282393828
2718,4.9369885433715215,0.0006143791019174737,4.936988543371522,0.041277801281212605
2719,4.9389889070740125,0.0005933775565037798,4.938988907074013,0.04305841164922863
2720,4.940989270776504,0.0005734648240827255,4.940989270776504,0.04529073392052331
2721,4.942989634478995,0.0005545655170730231,4.942989634478995,0.048031948474904954
2722,4.944989998181487,0.0005366107769616816,4.944989998181487,0.051344142707473436
2723,4.946990361883978,0.0005195375963494541,4.946990361883978,0.0552890338978311
2724,4.948990725586469,0.0005032882229205403,4.94899072558647,0.05991782573284426
2725,4.950991089288961,0.0004878096340690391,4.950991089288961,0.06525359735170018
2726,4.952991452991452,0.0004730530726480247,4.952991452991453,0.07126348074611936
2727,4.954991816693944,0.0004589736357464985,4.954991816693944,0.07781947207952376
2728,4.956992180396435,0.000445529909599181,4.956992180396436,0.0846521126058065
2729,4.958992544098927,0.00043268364473729703,4.958992544098927,0.09131239930461511
2730,4.960992907801418,0.00042039946633070307,4.960992907801418,0.09717220050400423
2731,4.96299327150391,0.0004086446153811027,4.962993271503909,0.10150022853204477
2732,4.964993635206401,0.00039738871702520704,4.964993635206401,0.10362775533866328
2733,4.966993998908893,0.0003866035727145886,4.966993998908892,0.10315741356620343
2734,4.968994362611384,0.00037626297347084477,4.968994362611384,0.10010935030576328
2735,4.970994726313875,0.0003663425317824931,4.970994726313875,0.0949128720550461
2736,4.972995090016367,0.00035681953002487455,4.972995090016367,0.08824913413368383
2737,4.974995453718858,0.0003476727835538718,4.974995453718858,0.08084245926577859
2738,4.976995817421349,0.0003388825168560097,4.97699581742135,0.07330244983416627
2739,4.978996181123841,0.00033043025133725596,4.978996181123841,0.06605663447668704
2740,4.980996544826332,0.0003222987035051484,4.980996544826332,0.05935542914681909
2741,4.982996908528823,0.0003144716924481306,4.982996908528823,0.05331207975480611
2742,4.984997272231315,0.000306934055645524,4.984997272231315,0.047948693354983696
2743,4.986997635933806,0.00029967157225404927,4.986997635933806,0.04323433222176868
2744,4.988997999636298,0.0002926708931148797,4.988997999636298,0.03911169054005333
2745,4.990998363338789,0.00028591947681093794,4.990998363338789,0.03551378963977659
2746,4.99299872704128,0.0002794055311788876,4.992998727041281,0.03237347009677046
2747,4.994999090743772,0.000273117959746076,4.994999090743772,0.029628225900264035
2748,4.996999454446263,0.00026704631262023027,4.9969994544462635,0.02722225284125296
2749,4.998999818148754,0.0002611807414104281,4.9989998181487545,0.02510694276814259
2750,5.0010001818512455,0.0002555119578026169,5.0010001818512455,0.02324057850295327
2751,5.0030005455537365,0.0002500311954523338,5.0030005455537365,0.02158766755753528
2752,5.0050009092562275,0.0002447301748921685,5.0050009092562275,0.020118156219871133
2753,5.007001272958719,0.00023960107118245355,5.007001272958719,0.01880664912650678
2754,5.0090016366612105,0.00023463648406101554,5.0090016366612105,0.017631693056980282
2755,5.011002000363702,0.00022982941037216238,5.011002000363702,0.016575147305466296
2756,5.013002364066193,0.0002251732185768085,5.013002364066193,0.015621644015315999
2757,5.015002727768684,0.00022066162516483446,5.015002727768685,0.014758132715152613
2758,5.017003091471176,0.0002162886728080989,5.017003091471176,0.013973499520907175
2759,5.019003455173667,0.00021204871010784178,5.019003455173668,0.013258250514728632
2760,5.021003818876158,0.000207936372803988,5.021003818876158,0.01260424924709736
2761,5.02300418257865,0.0002039465663262378,5.02300418257865,0.012004499348814717
2762,5.025004546281141,0.0002000744495778456,5.025004546281141,0.011452964470491747
2763,5.027004909983632,0.00019631541985292892,5.027004909983633,0.01094441898105597
2764,5.029005273686124,0.00019266509879712295,5.029005273686124,0.01047432395962271
2765,5.031005637388616,0.0001891193193293992,5.031005637388616,0.010038723973089912
2766,5.033006001091107,0.0001856741134501166,5.033006001091107,0.00963416094212446
2767,5.035006364793599,0.00018232570086696651,5.035006364793599,0.009257602072152147
2768,5.03700672849609,0.00017907047837630486,5.03700672849609,0.008906379380597773
2769,5.039007092198582,0.00017590500994278752,5.039007092198582,0.008578138804965196
2770,5.041007455901073,0.00017282601742501437,5.041007455901072,0.008270797245439564
2771,5.043007819603564,0.00016983037189927854,5.043007819603564,0.007982506195493034
2772,5.045008183306056,0.0001669150855375258,5.045008183306055,0.007711620857314951
2773,5.047008547008547,0.00016407730399921173,5.047008547008547,0.007456673836384428
2774,5.049008910711038,0.00016131429930002692,5.049008910711038,0.007216352669954945
2775,5.05100927441353,0.00015862346312348104,5.05100927441353,0.006989480574718609
2776,5.053009638116021,0.0001560023005440245,5.053009638116021,0.00677499990526526
2777,5.055010001818513,0.0001534484241328698,5.055010001818513,0.0065719579017653
2778,5.057010365521004,0.00015095954841997137,5.057010365521004,0.006379494376355486
2779,5.059010729223495,0.0001485334846876338,5.059010729223496,0.006196831045971155
2780,5.061011092925987,0.00014616813607316225,5.061011092925986,0.006023262267288029
2781,5.063011456628478,0.000143861492959661,5.063011456628478,0.0058581469689286585
2782,5.065011820330969,0.00014161162863567006,5.065011820330969,0.005700901608739552
2783,5.0670121840334605,0.0001394166952058025,5.0670121840334605,0.005550994010992264
2784,5.069012547735952,0.00013727491973584938,5.069012547735952,0.005407937960844032
2785,5.071012911438443,0.00013518460061703942,5.0710129114384435,0.005271288452113591
2786,5.0730132751409345,0.00013314410413528194,5.0730132751409345,0.005140637500072157
2787,5.0750136388434255,0.00013115186123222822,5.075013638843426,0.005015610444042084
2788,5.077014002545917,0.00012920636444593424,5.077014002545917,0.004895862675595588
2789,5.079014366248408,0.00012730616501980228,5.079014366248409,0.004781076737396661
2790,5.081014729950899,0.00012544987016924338,5.081014729950899,0.0046709597455422795
2791,5.083015093653391,0.00012363614049627978,5.083015093653391,0.004565241094860625
2792,5.085015457355882,0.0001218636875429653,5.085015457355882,0.004463670412228089
2793,5.087015821058373,0.00012013127147513032,5.087015821058374,0.004366015727723378
2794,5.089016184760865,0.00011843769888855939,5.089016184760865,0.004272061837495005
2795,5.091016548463356,0.00011678182073022734,5.091016548463357,0.004181608835677294
2796,5.093016912165847,0.00011516253032771738,5.093016912165848,0.0040944707956554124
2797,5.095017275868339,0.00011357876152042237,5.09501727586834,0.0040104745835175225
2798,5.09701763957083,0.00011202948688653732,5.097017639570831,0.003929458788718102
2799,5.099018003273322,0.00011051371606024746,5.099018003273323,0.003851272758854087
2800,5.101018366975813,0.00010903049413390123,5.101018366975813,0.0037757757270805007
2801,5.103018730678304,0.00010757890014026462,5.103018730678305,0.0037028360220927306
2802,5.105019094380796,0.00010615804561030088,5.105019094380796,0.003632330351820497
2803,5.107019458083287,0.00010476707320219076,5.107019458083288,0.003564143153031259
2804,5.109019821785779,0.00010340515539758147,5.109019821785779,0.003498165999960641
2805,5.111020185488271,0.00010207149326132039,5.111020185488271,0.0034342970658846304
2806,5.113020549190762,0.0001007653152611484,5.113020549190762,0.0033724406322481896
2807,5.115020912893253,9.948587614404822e-05,5.115020912893254,0.003312506640572885
2808,5.117021276595745,9.823245586615974e-05,5.117021276595745,0.0032544102829024212
2809,5.119021640298236,9.700435857335018e-05,5.119021640298235,0.003198071627011866
2810,5.121022004000728,9.58009116297044e-05,5.121022004000727,0.003143415273019855
2811,5.123022367703219,9.46214646913811e-05,5.123022367703218,0.0030903700384046066
2812,5.12502273140571,9.346538882340998e-05,5.12502273140571,0.0030388686687442485
2813,5.127023095108202,9.233207565717337e-05,5.127023095108201,0.0029888475717850015
2814,5.129023458810693,9.122093658643347e-05,5.129023458810693,0.0029402465726888686
2815,5.131023822513184,9.013140199989447e-05,5.131023822513184,0.002893008688534987
2816,5.133024186215676,8.906292054841512e-05,5.133024186215676,0.0028470799203432063
2817,5.135024549918167,8.801495844508713e-05,5.135024549918167,0.0028024090610639695
2818,5.137024913620658,8.698699879649757e-05,5.1370249136206585,0.002758947518131857
2819,5.1390252773231495,8.597854096359958e-05,5.139025277323149,0.002716649149319398
2820,5.1410256410256405,8.498909995069529e-05,5.1410256410256405,0.0026754701107492263
2821,5.143026004728132,8.40182058211192e-05,5.1430260047281315,0.00263536871603377
2822,5.145026368430623,8.306540313830258e-05,5.145026368430623,0.0025963053056083595
2823,5.1470267321331145,8.213025043095228e-05,5.1470267321331145,0.002558242125412815
2824,5.149027095835606,8.121231968116829e-05,5.149027095835606,0.002521143214153921
2825,5.151027459538097,8.031119583437607e-05,5.151027459538097,0.0024849742984531012
2826,5.153027823240588,7.942647633001164e-05,5.153027823240589,0.0024497026952457735
2827,5.15502818694308,7.855777065196524e-05,5.15502818694308,0.0024152972208571306
2828,5.157028550645571,7.770469989783232e-05,5.157028550645572,0.0023817281062292997
2829,5.159028914348062,7.686689636607387e-05,5.159028914348062,0.0023489669178222423
2830,5.161029278050554,7.60440031602433e-05,5.161029278050554,0.002316986483751463
2831,5.163029641753045,7.523567380947322e-05,5.163029641753045,0.0022857608247644173
2832,5.165030005455537,7.444157190445926e-05,5.165030005455537,0.00225526508969057
2833,5.167030369158028,7.366137074822682e-05,5.167030369158028,0.0022254754950320017
2834,5.169030732860519,7.28947530209885e-05,5.16903073286052,0.0021963692683884717
2835,5.171031096563011,7.214141045845219e-05,5.171031096563011,0.0021679245954371812
2836,5.173031460265502,7.140104354296195e-05,5.173031460265503,0.002140120570209636
2837,5.175031823967993,7.067336120688587e-05,5.175031823967994,0.0021129371484298687
2838,5.177032187670485,6.995808054770346e-05,5.177032187670486,0.0020863551036964453
2839,5.179032551372976,6.925492655426376e-05,5.179032551372976,0.002060355986308927
2840,5.181032915075468,6.856363184371353e-05,5.181032915075468,0.002034922084554428
2841,5.183033278777959,6.788393640862652e-05,5.183033278777959,0.002010036388285151
2842,5.185033642480451,6.721558737388026e-05,5.185033642480451,0.001985682554630188
2843,5.187034006182942,6.655833876285099e-05,5.187034006182942,0.001961844875697658
2844,5.189034369885434,6.591195127252526e-05,5.189034369885434,0.0019385082481335298
2845,5.191034733587925,6.527619205713402e-05,5.191034733587925,0.0019156581444142874
2846,5.193035097290417,6.46508345199472e-05,5.193035097290417,0.001893280585759102
2847,5.195035460992908,6.403565811287596e-05,5.195035460992908,0.0018713621165563552
2848,5.197035824695399,6.343044814354682e-05,5.1970358246954,0.0018498897802064138
2849,5.199036188397891,6.283499558953474e-05,5.19903618839789,0.0018288510962903856
2850,5.201036552100382,6.224909691945034e-05,5.201036552100382,0.0018082340389804644
2851,5.203036915802873,6.167255392059131e-05,5.203036915802873,0.001788027016614138
2852,5.2050372795053645,6.110517353288762e-05,5.2050372795053645,0.0017682188523594701
2853,5.207037643207856,6.054676768887677e-05,5.207037643207856,0.0017487987659043597
2854,5.2090380069103475,5.999715315945752e-05,5.2090380069103475,0.001729756356106816
2855,5.2110383706128385,5.9456151405189724e-05,5.2110383706128385,0.0017110815845482038
2856,5.2130387343153295,5.892358843290695e-05,5.21303873431533,0.0016927647599348302
2857,5.215039098017821,5.8399294657430604e-05,5.215039098017821,0.0016747965232975467
2858,5.217039461720312,5.788310476817692e-05,5.217039461720313,0.0016571678339418624
2859,5.219039825422803,5.737485760045794e-05,5.219039825422803,0.0016398699561048053
2860,5.221040189125295,5.6874396011291614e-05,5.221040189125295,0.0016228944462771428
2861,5.223040552827786,5.63815667595395e-05,5.223040552827786,0.001606233141152814
2862,5.225040916530278,5.589622039019835e-05,5.225040916530278,0.0015898781461694167
2863,5.227041280232769,5.541821112268626e-05,5.227041280232769,0.0015738218246064378
2864,5.22904164393526,5.4947396742960676e-05,5.229041643935261,0.0015580567872095657
2865,5.231042007637752,5.448363849932346e-05,5.231042007637752,0.0015425758823119228
2866,5.233042371340243,5.4026801001767045e-05,5.233042371340244,0.001527372186424441
2867,5.235042735042734,5.357675212472363e-05,5.235042735042735,0.0015124389952698033
2868,5.237043098745226,5.3133362913089155e-05,5.237043098745226,0.001497769815235525
2869,5.239043462447717,5.26965074913948e-05,5.239043462447717,0.001483358355223647
2870,5.241043826150208,5.2266062976004807e-05,5.241043826150208,0.0014691985188756702
2871,5.2430441898527,5.184190939022837e-05,5.2430441898527,0.001455284397152637
2872,5.245044553555191,5.1423929582234077e-05,5.245044553555191,0.0014416102612517512
2873,5.247044917257683,5.1012009145659936e-05,5.247044917257683,0.0014281705558416328
2874,5.249045280960174,5.060603634282205e-05,5.249045280960174,0.001414959892599823
2875,5.251045644662665,5.0205902030420516e-05,5.251045644662666,0.0014019730440366818
2876,5.253046008365157,4.9811499587653535e-05,5.253046008365157,0.0013892049375911725
2877,5.255046372067648,4.942272484664965e-05,5.255046372067649,0.0013766506499844765
2878,5.25704673577014,4.903947602513149e-05,5.25704673577014,0.0013643054018185666
2879,5.259047099472631,4.866165366123208e-05,5.259047099472631,0.0013521645524072596
2880,5.261047463175123,4.8289160550384014e-05,5.261047463175122,0.0013402235948283094
2881,5.263047826877614,4.7921901684205245e-05,5.263047826877614,0.0013284781511854306
2882,5.265048190580106,4.755978419131191e-05,5.265048190580105,0.0013169239680700857
2883,5.267048554282597,4.720271727998785e-05,5.267048554282597,0.001305556912213122
2884,5.269048917985089,4.685061218264302e-05,5.269048917985088,0.0012943729663171975
2885,5.27104928168758,4.650338210200055e-05,5.27104928168758,0.0012833682250611438
2886,5.273049645390071,4.616094215894743e-05,5.273049645390071,0.0012725388912681853
2887,5.2750500090925625,4.582320934199303e-05,5.2750500090925625,0.001261881272230081
2888,5.2770503727950535,4.549010245827821e-05,5.2770503727950535,0.0012513917761799822
2889,5.2790507364975445,4.516154208607933e-05,5.2790507364975445,0.0012410669089068828
2890,5.281051100200036,4.483745052875765e-05,5.2810511002000355,0.0012309032705052235
2891,5.2830514639025274,4.451775177010265e-05,5.2830514639025274,0.001220897552253245
2892,5.2850518276050185,4.4202371431020545e-05,5.2850518276050185,0.0012110465336143275
2893,5.28705219130751,4.389123672752355e-05,5.28705219130751,0.0012013470793555564
2894,5.289052555010001,4.358427642997447e-05,5.289052555010001,0.0011917961367783373
2895,5.291052918712493,4.328142082354301e-05,5.291052918712493,0.0011823907330558833
2896,5.293053282414984,4.298260166983508e-05,5.293053282414984,0.001173127972672913
2897,5.295053646117475,4.2687752169652605e-05,5.295053646117476,0.0011640050349628933
2898,5.297054009819967,4.2396806926848364e-05,5.297054009819967,0.0011550191717386404
2899,5.299054373522458,4.21097019132381e-05,5.299054373522458,0.001146167705012051
2900,5.301054737224949,4.182637443453397e-05,5.301054737224949,0.0011374480247992038
2901,5.303055100927441,4.154676309726705e-05,5.303055100927441,0.0011288575870070042
2902,5.305055464629932,4.127080777666522e-05,5.305055464629932,0.0011203939113979774
2903,5.307055828332423,4.099844958545469e-05,5.307055828332424,0.001112054579629748
2904,5.309056192034915,4.072963084355577e-05,5.309056192034915,0.0011038372333661392
2905,5.311056555737406,4.046429504864364e-05,5.311056555737407,0.0010957395724567505
2906,5.313056919439898,4.020238684754452e-05,5.313056919439898,0.0010877593531822471
2907,5.315057283142389,3.9943852008442856e-05,5.31505728314239,0.0010798943865624982
2908,5.31705764684488,3.968863739387039e-05,5.317057646844881,0.00107214253672507
2909,5.319058010547372,3.943669093445451e-05,5.319058010547372,0.0010645017193314649
2910,5.321058374249863,3.918796160340051e-05,5.321058374249863,0.0010569699000588506
2911,5.323058737952354,3.8942399391683646e-05,5.323058737952355,0.0010495450931349004
2912,5.325059101654846,3.869995528393013e-05,5.325059101654846,0.0010422253599237012
2913,5.327059465357337,3.846058123496444e-05,5.327059465357338,0.001035008807560559
2914,5.329059829059829,3.822423014700117e-05,5.329059829059829,0.001027893587633851
2915,5.33106019276232,3.799085584746297e-05,5.331060192762321,0.001020877894911936
2916,5.333060556464812,3.776041306740382e-05,5.333060556464812,0.0010139599661134464
2917,5.335060920167303,3.753285742051864e-05,5.335060920167304,0.0010071380787191487
2918,5.337061283869795,3.730814538272246e-05,5.337061283869795,0.0010004105498238368
2919,5.339061647572286,3.708623427227955e-05,5.339061647572286,0.0009937757350266063
2920,5.3410620112747775,3.686708223046764e-05,5.341062011274777,0.0009872320273581151
2921,5.3430623749772685,3.6650648202759686e-05,5.3430623749772685,0.000980777856243308
2922,5.34506273867976,3.643689192050714e-05,5.34506273867976,0.0009744116864983416
2923,5.3470631023822515,3.622577388311058e-05,5.3470631023822515,0.0009681320173603111
2924,5.3490634660847425,3.601725534066242e-05,5.3490634660847425,0.0009619373815486273
2925,5.3510638297872335,3.581129827704664e-05,5.351063829787234,0.0009558263443567592
2926,5.353064193489725,3.560786539348337e-05,5.353064193489725,0.0009497975027732899
2927,5.355064557192216,3.540692009250416e-05,5.355064557192216,0.0009438494846311132
2928,5.357064920894708,3.520842646234442e-05,5.357064920894708,0.0009379809477837841
2929,5.359065284597199,3.5012349261742584e-05,5.359065284597198,0.000932190579308005
2930,5.36106564829969,3.4818653905131544e-05,5.36106564829969,0.0009264770947312505
2931,5.363066012002182,3.4627306448212854e-05,5.363066012002181,0.0009208392372836861
2932,5.365066375704673,3.443827357390164e-05,5.365066375704673,0.0009152757771734119
2933,5.367066739407164,3.425152257863064e-05,5.367066739407164,0.0009097855108842749
2934,5.369067103109656,3.406702135900434e-05,5.369067103109656,0.0009043672604953508
2935,5.371067466812147,3.3884738398792356e-05,5.371067466812147,0.0008990198730214064
2936,5.373067830514638,3.370464275625148e-05,5.373067830514639,0.0008937422197735097
2937,5.37506819421713,3.3526704051768475e-05,5.37506819421713,0.0008885331957391606
2938,5.377068557919621,3.335089245581339e-05,5.377068557919622,0.000883391718981167
2939,5.379068921622113,3.31771786771942e-05,5.379068921622112,0.0008783167300546927
2940,5.381069285324604,3.300553395160556e-05,5.381069285324604,0.0008733071914417655
2941,5.383069649027095,3.2835930030461586e-05,5.383069649027095,0.0008683620870027119
2942,5.385070012729587,3.266833917000603e-05,5.385070012729587,0.0008634804214438615
2943,5.387070376432078,3.2502734120691586e-05,5.387070376432078,0.0008586612198010345
2944,5.389070740134569,3.233908811681992e-05,5.38907074013457,0.0008539035269382011
2945,5.391071103837061,3.217737486643663e-05,5.391071103837061,0.0008492064070608638
2946,5.393071467539552,3.201756854147309e-05,5.393071467539553,0.0008445689432435986
2947,5.395071831242043,3.1859643768127966e-05,5.395071831242044,0.0008399902369713431
2948,5.397072194944535,3.170357561748287e-05,5.397072194944536,0.0008354694076939034
2949,5.399072558647026,3.1549339596344954e-05,5.399072558647026,0.0008310055923933042
2950,5.401072922349518,3.1396911638309915e-05,5.401072922349518,0.0008265979451634924
2951,5.403073286052009,3.124626809504045e-05,5.403073286052009,0.0008222456368020455
2952,5.4050736497545,3.1097385727752924e-05,5.405073649754501,0.0008179478544134307
2953,5.407074013456992,3.09502416989077e-05,5.407074013456992,0.0008137038010234939
2954,5.409074377159484,3.0804813564097274e-05,5.409074377159484,0.0008095126952047555
2955,5.411074740861975,3.066107926412608e-05,5.411074740861975,0.0008053737707122189
2956,5.4130751045644665,3.0519017117278214e-05,5.4130751045644665,0.0008012862761292934
2957,5.4150754682669575,3.0378605811767047e-05,5.4150754682669575,0.0007972494745235663
2958,5.4170758319694485,3.0239824398361784e-05,5.417075831969449,0.0007932626431120484
2959,5.41907619567194,3.010265228318694e-05,5.4190761956719395,0.0007893250729356499
2960,5.4210765593744314,2.9967069220689828e-05,5.4210765593744314,0.0007854360685425356
2961,5.423076923076923,2.9833055306770953e-05,5.4230769230769225,0.000781594947680136
2962,5.425077286779414,2.970059097207445e-05,5.425077286779414,0.000777801040995487
2963,5.427077650481905,2.95696569754326e-05,5.427077650481905,0.0007740536917436906
2964,5.429078014184397,2.944023439746199e-05,5.429078014184397,0.0007703522555041897
2965,5.431078377886888,2.9312304634306367e-05,5.431078377886888,0.0007666960999046695
2966,5.433078741589379,2.9185849391522455e-05,5.43307874158938,0.0007630846043522946
2967,5.435079105291871,2.906085067810551e-05,5.435079105291871,0.0007595171597721106
2968,5.437079468994362,2.893729080065064e-05,5.437079468994363,0.0007559931683523365
2969,5.439079832696853,2.8815152357646177e-05,5.439079832696853,0.0007525120432963922
2970,5.441080196399345,2.869441823389624e-05,5.441080196399345,0.000749073208581401
2971,5.443080560101836,2.8575071595068924e-05,5.443080560101836,0.0007456760987230287
2972,5.445080923804328,2.8457095882366515e-05,5.445080923804328,0.0007423201585464098
2973,5.447081287506819,2.8340474807315592e-05,5.447081287506819,0.0007390048429630356
2974,5.44908165120931,2.8225192346672652e-05,5.449081651209311,0.0007357296167533733
2975,5.451082014911802,2.811123273744368e-05,5.451082014911802,0.0007324939543550931
2976,5.453082378614293,2.7998580472013947e-05,5.453082378614294,0.0007292973396566937
2977,5.455082742316784,2.788722029338528e-05,5.455082742316785,0.0007261392657964095
2978,5.457083106019276,2.7777137190518564e-05,5.457083106019277,0.0007230192349662021
2979,5.459083469721767,2.7668316393778696e-05,5.459083469721767,0.0007199367582207288
2980,5.461083833424258,2.7560743370478905e-05,5.461083833424259,0.0007168913552911022
2981,5.46308419712675,2.7454403820522836e-05,5.46308419712675,0.0007138825544033456
2982,5.465084560829241,2.7349283672141504e-05,5.465084560829242,0.0007109098921013606
2983,5.467084924531733,2.7245369077722446e-05,5.467084924531733,0.0007079729130743274
2984,5.469085288234224,2.7142646409729805e-05,5.469085288234225,0.0007050711699883614
2985,5.471085651936715,2.70411022567119e-05,5.471085651936716,0.0007022042233223526
2986,5.473086015639207,2.6940723419395103e-05,5.473086015639207,0.0006993716412078227
2987,5.475086379341698,2.6841496906861628e-05,5.475086379341699,0.0006965729992727244
2988,5.477086743044189,2.6743409932808704e-05,5.477086743044189,0.0006938078804890543
2989,5.479087106746681,2.6646449911888044e-05,5.479087106746681,0.0006910758750241623
2990,5.481087470449172,2.6550604456123116e-05,5.481087470449172,0.0006883765800956846
2991,5.483087834151664,2.6455861371402153e-05,5.483087834151664,0.0006857095998299604
2992,5.485088197854155,2.6362208654045762e-05,5.485088197854155,0.0006830745451238778
2993,5.4870885615566465,2.6269634487446885e-05,5.4870885615566465,0.0006804710335100093
2994,5.489088925259138,2.6178127238781173e-05,5.4890889252591375,0.0006778986890249918
2995,5.491089288961629,2.6087675455786927e-05,5.491089288961629,0.0006753571420810195
2996,5.49308965266412,2.5998267863611894e-05,5.49308965266412,0.0006728460293404033
2997,5.495090016366612,2.5909893361726252e-05,5.495090016366612,0.0006703649935930779
2998,5.497090380069103,2.582254102089982e-05,5.4970903800691024,0.0006679136836370101
2999,5.499090743771594,2.5736200080241755e-05,5.499090743771594,0.0006654917541613968
3000,5.501091107474086,2.5650859944301827e-05,5.501091107474085,0.0006630988656326119
3001,5.503091471176577,2.556651018023154e-05,5.503091471176577,0.0006607346841827939
3002,5.505091834879069,2.548314051500341e-05,5.505091834879068,0.0006583988815010382
3003,5.50709219858156,2.5400740832687867e-05,5.50709219858156,0.000656091134727088
3004,5.509092562284051,2.531930117178544e-05,5.509092562284051,0.0006538111263474992
3005,5.511092925986543,2.5238811722613744e-05,5.511092925986543,0.0006515585440941702
3006,5.513093289689034,2.5159262824747806e-05,5.513093289689034,0.0006493330808452145
3007,5.515093653391525,2.508064496451209e-05,5.515093653391526,0.0006471344345280812
3008,5.517094017094017,2.5002948772523686e-05,5.517094017094016,0.0006449623080248956
3009,5.519094380796508,2.492616502128516e-05,5.519094380796508,0.0006428164090799284
3010,5.521094744498999,2.4850284622825736e-05,5.521094744498999,0.0006406964502091762
3011,5.523095108201491,2.477529862639023e-05,5.523095108201491,0.0006386021486119598
3012,5.525095471903982,2.470119821617433e-05,5.525095471903982,0.0006365332260845264
3013,5.527095835606474,2.4627974709105007e-05,5.527095835606474,0.0006344894089355689
3014,5.529096199308965,2.4555619552665662e-05,5.529096199308965,0.000632470427903644
3015,5.531096563011456,2.4484124322764236e-05,5.531096563011457,0.0006304760180764163
3016,5.533096926713948,2.4413480721643917e-05,5.533096926713948,0.0006285059188117028
3017,5.535097290416439,2.434368057583539e-05,5.53509729041644,0.0006265598736602518
3018,5.53709765411893,2.4274715834149333e-05,5.53709765411893,0.0006246376302902357
3019,5.539098017821422,2.4206578565708738e-05,5.539098017821422,0.0006227389404133884
3020,5.541098381523913,2.413926095802008e-05,5.541098381523913,0.0006208635597127743
3021,5.543098745226404,2.4072755315082105e-05,5.543098745226405,0.0006190112477721218
3022,5.545099108928896,2.4007054055531985e-05,5.545099108928896,0.0006171817680067054
3023,5.547099472631387,2.3942149710827688e-05,5.547099472631388,0.0006153748875957173
3024,5.549099836333879,2.3878034923465657e-05,5.549099836333879,0.0006135903774161145
3025,5.55110020003637,2.381470244523352e-05,5.5511002000363705,0.0006118280119778792
3026,5.553100563738861,2.375214513549643e-05,5.5531005637388615,0.0006100875693606854
3027,5.5551009274413525,2.369035595951691e-05,5.555100927441353,0.000608368831151911
3028,5.5571012911438435,2.3629327986807154e-05,5.5571012911438435,0.000606671582385988
3029,5.5591016548463354,2.356905438951303e-05,5.5591016548463354,0.000604995611485034
3030,5.5611020185488265,2.3509528440829365e-05,5.5611020185488265,0.0006033407102007577
3031,5.563102382251318,2.345074351344578e-05,5.563102382251318,0.000601706673557585
3032,5.565102745953809,2.339269307802214e-05,5.565102745953809,0.0006000932997969991
3033,5.567103109656301,2.3335370701693367e-05,5.567103109656301,0.0005985003903230436
3034,5.569103473358792,2.3278770046602966e-05,5.569103473358792,0.0005969277496489827
3035,5.571103837061284,2.322288486846419e-05,5.571103837061284,0.000595375185345068
3036,5.573104200763775,2.3167709015149008e-05,5.573104200763775,0.0005938425079874119
3037,5.575104564466266,2.311323642530364e-05,5.575104564466267,0.0005923295311079136
3038,5.577104928168758,2.3059461126990447e-05,5.577104928168757,0.0005908360711452398
3039,5.579105291871249,2.300637723635568e-05,5.579105291871249,0.0005893619473968126
3040,5.58110565557374,2.2953978956322157e-05,5.58110565557374,0.0005879069819718008
3041,5.583106019276232,2.290226057530686e-05,5.583106019276232,0.0005864709997450721
3042,5.585106382978723,2.2851216465962676e-05,5.585106382978723,0.000585053828312105
3043,5.587106746681214,2.280084108394363e-05,5.587106746681214,0.0005836552979448168
3044,5.589107110383706,2.2751128966693535e-05,5.589107110383706,0.0005822752415483045
3045,5.591107474086197,2.2702074732257286e-05,5.591107474086197,0.0005809134946184694
3046,5.593107837788689,2.265367307811432e-05,5.593107837788689,0.0005795698952005009
3047,5.59510820149118,2.260591878003406e-05,5.59510820149118,0.0005782442838482152
3048,5.597108565193671,2.2558806690952552e-05,5.597108565193671,0.0005769365035842088
3049,5.599108928896163,2.251233173987017e-05,5.599108928896162,0.0005756463998608304
3050,5.601109292598654,2.2466488930769845e-05,5.601109292598654,0.0005743738205219323
3051,5.603109656301145,2.2421273341555266e-05,5.603109656301145,0.0005731186157654024
3052,5.605110020003637,2.2376680123008944e-05,5.605110020003637,0.000571880638106442
3053,5.607110383706128,2.233270449776957e-05,5.607110383706128,0.0005706597423415904
3054,5.609110747408619,2.2289341759328204e-05,5.60911074740862,0.0005694557855134612
3055,5.611111111111111,2.224658727104314e-05,5.611111111111111,0.0005682686268761944
3056,5.613111474813602,2.2204436465172997e-05,5.613111474813603,0.0005670981278615892
3057,5.615111838516094,2.216288484192747e-05,5.615111838516094,0.0005659441520459189
3058,5.617112202218585,2.2121927968535845e-05,5.617112202218585,0.0005648065651174012
3059,5.619112565921076,2.2081561478332403e-05,5.619112565921076,0.0005636852348443189
3060,5.621112929623568,2.2041781069858826e-05,5.621112929623568,0.000562580031043766
3061,5.623113293326059,2.2002582505983065e-05,5.623113293326059,0.0005614908255510219
3062,5.62511365702855,2.1963961613034338e-05,5.6251136570285505,0.0005604174921895188
3063,5.6271140207310415,2.192591427995401e-05,5.6271140207310415,0.0005593599067414134
3064,5.6291143844335325,2.188843645746215e-05,5.629114384433533,0.0005583179469187266
3065,5.631114748136024,2.185152415723916e-05,5.631114748136024,0.0005572914923350609
3066,5.633115111838515,2.1815173451122545e-05,5.633115111838516,0.0005562804244778636
3067,5.635115475541007,2.1779380470318394e-05,5.635115475541007,0.0005552846266812416
3068,5.637115839243498,2.1744141404627083e-05,5.637115839243498,0.0005543039840993014
3069,5.63911620294599,2.1709452501683403e-05,5.639116202945989,0.000553338383680016
3070,5.641116566648481,2.167531006621034e-05,5.641116566648481,0.0005523877141395962
3071,5.643116930350973,2.164171045928661e-05,5.643116930350972,0.0005514518659373676
3072,5.645117294053464,2.1608650097627586e-05,5.645117294053464,0.0005505307312511296
3073,5.647117657755955,2.1576125452879223e-05,5.647117657755955,0.000549624203953001
3074,5.649118021458447,2.1544133050924982e-05,5.649118021458447,0.000548732179585728
3075,5.651118385160938,2.151266947120542e-05,5.651118385160938,0.0005478545553394582
3076,5.653118748863429,2.1481731346050065e-05,5.65311874886343,0.0005469912300289575
3077,5.655119112565921,2.1451315360021617e-05,5.655119112565921,0.0005461421040712777
3078,5.657119476268412,2.1421418249272076e-05,5.657119476268412,0.0005453070794638454
3079,5.659119839970904,2.139203680091058e-05,5.659119839970903,0.0005444860597629852
3080,5.661120203673395,2.136316785238288e-05,5.661120203673395,0.0005436789500628488
3081,5.663120567375886,2.1334808290862047e-05,5.663120567375886,0.0005428856569747581
3082,5.665120931078378,2.1306955052650384e-05,5.665120931078378,0.0005421060886069412
3083,5.667121294780869,2.1279605122592284e-05,5.667121294780869,0.0005413401545446641
3084,5.66912165848336,2.1252755533497747e-05,5.669121658483361,0.0005405877658307417
3085,5.671122022185852,2.1226403365576552e-05,5.671122022185852,0.0005398488349464274
3086,5.673122385888343,2.120054574588277e-05,5.673122385888344,0.0005391232757926675
3087,5.675122749590834,2.1175179847769394e-05,5.675122749590835,0.0005384110036717219
3088,5.677123113293326,2.1150302890353077e-05,5.677123113293326,0.0005377119352691319
3089,5.679123476995817,2.1125912137988694e-05,5.679123476995817,0.0005370259886360427
3090,5.681123840698309,2.110200489975348e-05,5.681123840698309,0.0005363530831718601
3091,5.6831242044008,2.1078578528940835e-05,5.6831242044008,0.0005356931396072465
3092,5.685124568103291,2.1055630422563305e-05,5.685124568103292,0.0005350460799874398
3093,5.687124931805783,2.1033158020864843e-05,5.687124931805783,0.0005344118276558987
3094,5.689125295508274,2.1011158806842106e-05,5.6891252955082745,0.000533790307238259
3095,5.691125659210765,2.0989630305774573e-05,5.6911256592107655,0.000533181444626603
3096,5.6931260229132565,2.0968570084763416e-05,5.693126022913257,0.0005325851669640301
3097,5.6951263866157475,2.094797575227899e-05,5.695126386615748,0.0005320014026295276
3098,5.697126750318239,2.092784495771671e-05,5.6971267503182395,0.0005314300812231318
3099,5.6991271140207305,2.0908175390961253e-05,5.6991271140207305,0.0005308711335513792
3100,5.7011274777232215,2.0888964781958964e-05,5.701127477723222,0.0005303244916130362
3101,5.703127841425713,2.0870210900298227e-05,5.703127841425713,0.00052979008858511
3102,5.705128205128204,2.0851911554797815e-05,5.705128205128204,0.0005292678588091261
3103,5.707128568830696,2.0834064593102938e-05,5.707128568830696,0.0005287577377776774
3104,5.709128932533187,2.0816667901289036e-05,5.709128932533187,0.0005282596621212333
3105,5.711129296235679,2.0799719403473037e-05,5.711129296235679,0.0005277735695952051
3106,5.71312965993817,2.0783217061432038e-05,5.71312965993817,0.0005272993990672681
3107,5.715130023640662,2.0767158874229303e-05,5.715130023640662,0.0005268370905049265
3108,5.717130387343153,2.0751542877847458e-05,5.717130387343152,0.0005263865849633289
3109,5.719130751045644,2.073636714482871e-05,5.719130751045644,0.0005259478245733172
3110,5.721131114748136,2.0721629783922038e-05,5.721131114748135,0.0005255207525297171
3111,5.723131478450627,2.0707328939737316e-05,5.723131478450627,0.0005251053130798546
3112,5.725131842153119,2.0693462792406075e-05,5.725131842153118,0.0005247014515123054
3113,5.72713220585561,2.0680029557249015e-05,5.72713220585561,0.0005243091141458634
3114,5.729132569558101,2.066702748444999e-05,5.729132569558101,0.0005239282483187335
3115,5.731132933260593,2.065445485873649e-05,5.731132933260593,0.0005235588023779358
3116,5.733133296963084,2.064230999906652e-05,5.733133296963084,0.0005232007256689282
3117,5.735133660665575,2.0630591258321634e-05,5.735133660665576,0.0005228539685254319
3118,5.737134024368067,2.0619297023006248e-05,5.737134024368066,0.0005225184822594687
3119,5.739134388070558,2.0608425712953004e-05,5.739134388070558,0.000522194219151596
3120,5.741134751773049,2.0597975781034105e-05,5.741134751773049,0.0005218811324413435
3121,5.743135115475541,2.058794571287862e-05,5.743135115475541,0.0005215791763178431
3122,5.745135479178032,2.057833402659556e-05,5.745135479178032,0.0005212883059106559
3123,5.747135842880524,2.056913927250276e-05,5.747135842880524,0.0005210084772807837
3124,5.749136206583015,2.056036003286138e-05,5.749136206583015,0.0005207396474118706
3125,5.751136570285506,2.055199492161604e-05,5.751136570285507,0.0005204817742015872
3126,5.753136933987998,2.0544042584140446e-05,5.753136933987998,0.0005202348164531957
3127,5.755137297690489,2.0536501696988462e-05,5.7551372976904895,0.0005199987338672929
3128,5.75713766139298,2.0529370967650583e-05,5.75713766139298,0.0005197734870337288
3129,5.759138025095472,2.0522649134315637e-05,5.759138025095472,0.0005195590374236982
3130,5.761138388797963,2.0516334965637812e-05,5.761138388797963,0.0005193553473820015
3131,5.763138752500454,2.051042726050877e-05,5.7631387525004545,0.0005191623801194742
3132,5.7651391162029455,2.050492484783487e-05,5.7651391162029455,0.0005189800997055803
3133,5.7671394799054365,2.0499826586319483e-05,5.767139479905437,0.0005188084710611693
3134,5.769139843607928,2.0495131364250186e-05,5.769139843607928,0.0005186474599513937
3135,5.771140207310419,2.0490838099290948e-05,5.77114020731042,0.0005184970329787829
3136,5.7731405710129104,2.0486945738279102e-05,5.773140571012911,0.0005183571575764755
3137,5.775140934715402,2.0483453257027133e-05,5.775140934715403,0.0005182278020016023
3138,5.777141298417893,2.0480359660129235e-05,5.777141298417893,0.0005181089353288232
3139,5.779141662120384,2.047766398077247e-05,5.779141662120385,0.000518000527444012
3140,5.781142025822876,2.04753652805526e-05,5.781142025822876,0.0005179025490380893
3141,5.783142389525367,2.0473462649294497e-05,5.783142389525368,0.0005178149716010001
3142,5.785142753227859,2.0471955204877046e-05,5.785142753227859,0.0005177377674158352
3143,5.787143116930351,2.0470842093062516e-05,5.787143116930351,0.0005176709095530948
3144,5.789143480632842,2.0470122487330383e-05,5.789143480632842,0.0005176143718650898
3145,5.791143844335334,2.0469795588715496e-05,5.791143844335334,0.0005175681289804837
3146,5.793144208037825,2.0469860625650562e-05,5.793144208037825,0.0005175321562989681
3147,5.795144571740316,2.0470316853812938e-05,5.795144571740317,0.0005175064299860749
3148,5.797144935442808,2.047116355597565e-05,5.797144935442807,0.0005174909269681186
3149,5.799145299145299,2.047240004186261e-05,5.799145299145299,0.0005174856249272734
3150,5.80114566284779,2.0474025648007953e-05,5.80114566284779,0.0005174905022967759
3151,5.803146026550282,2.0476039737619525e-05,5.803146026550282,0.0005175055382562591
3152,5.805146390252773,2.0478441700446448e-05,5.805146390252773,0.0005175307127272113
3153,5.807146753955265,2.048123095265066e-05,5.807146753955265,0.0005175660063685601
3154,5.809147117657756,2.0484406936682504e-05,5.809147117657756,0.0005176114005723811
3155,5.811147481360247,2.048796912116029e-05,5.811147481360248,0.0005176668774597281
3156,5.813147845062739,2.049191700075372e-05,5.813147845062739,0.0005177324198765842
3157,5.81514820876523,2.049625009607126e-05,5.815148208765231,0.0005178080113899331
3158,5.817148572467721,2.0500967953551327e-05,5.817148572467721,0.000517893636283949
3159,5.819148936170213,2.0506070145357367e-05,5.819148936170213,0.000517989279556303
3160,5.821149299872704,2.0511556269276644e-05,5.821149299872704,0.0005180949269145853
3161,5.823149663575195,2.0517425948622863e-05,5.823149663575195,0.0005182105647728438
3162,5.825150027277687,2.0523678832142495e-05,5.825150027277687,0.0005183361802482348
3163,5.827150390980178,2.053031459392482e-05,5.827150390980178,0.0005184717611577865
3164,5.8291507546826695,2.0537332933315638e-05,5.8291507546826695,0.0005186172960152756
3165,5.8311511183851605,2.0544733574834675e-05,5.8311511183851605,0.0005187727740282123
3166,5.8331514820876516,2.0552516268096574e-05,5.833151482087652,0.0005189381850949368
3167,5.8351518457901435,2.0560680787735515e-05,5.835151845790143,0.0005191135198018224
3168,5.8371522094926345,2.05692269333334e-05,5.8371522094926345,0.0005192987694205889
3169,5.8391525731951255,2.057815452935164e-05,5.8391525731951255,0.00051949392590572
3170,5.841152936897617,2.058746342506643e-05,5.841152936897617,0.0005196989818919884
3171,5.843153300600108,2.059715349450757e-05,5.843153300600108,0.0005199139306920851
3172,5.845153664302599,2.0607224636400784e-05,5.8451536643026,0.0005201387662943544
3173,5.847154028005091,2.061767677411352e-05,5.847154028005091,0.0005203734833606298
3174,5.849154391707582,2.0628509855604188e-05,5.849154391707583,0.0005206180772241757
3175,5.851154755410074,2.0639723853374884e-05,5.851154755410074,0.000520872543887728
3176,5.853155119112565,2.0651318764427498e-05,5.853155119112566,0.0005211368800216391
3177,5.855155482815056,2.066329461022329e-05,5.855155482815056,0.000521411082962121
3178,5.857155846517548,2.0675651436645795e-05,5.857155846517548,0.0005216951507095903
3179,5.859156210220039,2.0688389313967175e-05,5.859156210220039,0.0005219890819271109
3180,5.861156573922531,2.0701508336817908e-05,5.861156573922531,0.0005222928759389379
3181,5.863156937625022,2.0715008624159865e-05,5.863156937625022,0.0005226065327291567
3182,5.865157301327514,2.0728890319262683e-05,5.865157301327514,0.0005229300529404227
3183,5.867157665030005,2.0743153589683534e-05,5.867157665030005,0.0005232634378727963
3184,5.869158028732497,2.075779862725022e-05,5.869158028732497,0.0005236066894826766
3185,5.871158392434988,2.077282564804752e-05,5.871158392434988,0.0005239598103818283
3186,5.87315875613748,2.0788234892406932e-05,5.87315875613748,0.0005243228038365086
3187,5.875159119839971,2.0804026624899672e-05,5.87515911983997,0.0005246956737666854
3188,5.877159483542462,2.0820201134332968e-05,5.877159483542462,0.0005250784247453548
3189,5.879159847244954,2.083675873374971e-05,5.879159847244953,0.0005254710619979491
3190,5.881160210947445,2.085369976043124e-05,5.881160210947445,0.000525873591401843
3191,5.883160574649936,2.0871024575903633e-05,5.883160574649936,0.0005262860194859513
3192,5.885160938352428,2.0888733565947092e-05,5.885160938352428,0.0005267083534304222
3193,5.887161302054919,2.090682714060864e-05,5.887161302054919,0.0005271406010664223
3194,5.88916166575741,2.0925305734218196e-05,5.889161665757411,0.0005275827708760181
3195,5.891162029459902,2.09441698054078e-05,5.891162029459902,0.0005280348719921465
3196,5.893162393162393,2.0963419837134166e-05,5.8931623931623935,0.0005284969141986825
3197,5.895162756864885,2.0983056336704533e-05,5.895162756864884,0.0005289689079305958
3198,5.897163120567376,2.1003079835805727e-05,5.897163120567376,0.000529450864274204
3199,5.899163484269867,2.102349089053655e-05,5.899163484269867,0.0005299427949675148
3200,5.9011638479723585,2.1044290081443475e-05,5.9011638479723585,0.0005304447124006636
3201,5.9031642116748495,2.1065478013559497e-05,5.9031642116748495,0.0005309566296164409
3202,5.9051645753773405,2.1087055316446444e-05,5.905164575377341,0.000531478560310915
3203,5.907164939079832,2.1109022644240474e-05,5.907164939079832,0.0005320105188341439
3204,5.909165302782323,2.1131380675700846e-05,5.909165302782324,0.0005325525201909828
3205,5.9111656664848145,2.1154130114262105e-05,5.911165666484815,0.0005331045800419808
3206,5.913166030187306,2.1177271688089504e-05,5.913166030187307,0.0005336667147043731
3207,5.915166393889797,2.1200806150137727e-05,5.915166393889797,0.0005342389411531628
3208,5.917166757592289,2.1224734278213013e-05,5.917166757592289,0.0005348212770222988
3209,5.91916712129478,2.124905687503856e-05,5.91916712129478,0.0005354137406059416
3210,5.921167484997271,2.1273774768323293e-05,5.921167484997272,0.000536016350859828
3211,5.923167848699763,2.129888881083405e-05,5.923167848699763,0.0005366291274027227
3212,5.925168212402254,2.1324399880471002e-05,5.925168212402255,0.0005372520905179687
3213,5.927168576104745,2.135030888034663e-05,5.927168576104746,0.000537885261155126
3214,5.929168939807237,2.1376616738867997e-05,5.929168939807238,0.0005385286609317097
3215,5.931169303509728,2.1403324409822375e-05,5.931169303509729,0.0005391823121350148
3216,5.93316966721222,2.1430432872466506e-05,5.933169667212221,0.0005398462377240435
3217,5.935170030914711,2.1457943131619122e-05,5.935170030914711,0.0005405204613315193
3218,5.937170394617203,2.1485856217756914e-05,5.937170394617203,0.000541205007266002
3219,5.939170758319694,2.1514173187114197e-05,5.939170758319694,0.0005418999005140936
3220,5.941171122022186,2.1542895121785777e-05,5.941171122022185,0.0005426051667427426
3221,5.943171485724677,2.157202312983361e-05,5.943171485724677,0.0005433208323016431
3222,5.945171849427169,2.160155834539678e-05,5.945171849427168,0.000544046924225729
3223,5.94717221312966,2.1631501928805156e-05,5.94717221312966,0.0005447834702377689
3224,5.949172576832151,2.166185506669659e-05,5.949172576832151,0.0005455304987510531
3225,5.951172940534643,2.169261897213776e-05,5.951172940534643,0.0005462880388721837
3226,5.953173304237134,2.172379488474852e-05,5.953173304237134,0.0005470561204039578
3227,5.955173667939625,2.1755384070830055e-05,5.955173667939625,0.0005478347738483549
3228,5.957174031642117,2.1787387823496604e-05,5.957174031642116,0.000548624030409618
3229,5.959174395344608,2.1819807462810894e-05,5.959174395344608,0.000549423921997441
3230,5.9611747590471,2.1852644335923362e-05,5.961174759047099,0.00055023448123025
3231,5.963175122749591,2.1885899817215023e-05,5.963175122749591,0.0005510557414385925
3232,5.965175486452082,2.1919575308444277e-05,5.965175486452082,0.0005518877366686224
3233,5.9671758501545735,2.195367223889739e-05,5.9671758501545735,0.0005527305016856927
3234,5.9691762138570645,2.1988192065542812e-05,5.9691762138570645,0.0005535840719780481
3235,5.9711765775595556,2.2023136273189543e-05,5.971176577559556,0.0005544484837606237
3236,5.9731769412620475,2.2058506374649217e-05,5.9731769412620475,0.0005553237739789467
3237,5.9751773049645385,2.209430391090217e-05,5.9751773049645385,0.0005562099803131465
3238,5.9771776686670295,2.2130530451267594e-05,5.9771776686670295,0.0005571071411820672
3239,5.979178032369521,2.216718759357757e-05,5.979178032369521,0.0005580152957474925
3240,5.981178396072012,2.2204276964355157e-05,5.981178396072012,0.0005589344839184732
3241,5.983178759774504,2.2241800218996704e-05,5.983178759774504,0.0005598647463557697
3242,5.985179123476995,2.227975904195806e-05,5.985179123476995,0.000560806124476398
3243,5.987179487179486,2.231815514694517e-05,5.987179487179487,0.0005617586604582938
3244,5.989179850881978,2.235699027710874e-05,5.989179850881978,0.0005627223972450813
3245,5.991180214584469,2.2396266205243098e-05,5.99118021458447,0.000563697378550962
3246,5.99318057828696,2.2435984733989553e-05,5.993180578286961,0.0005646836488657107
3247,5.995180941989452,2.2476147696043844e-05,5.995180941989452,0.0005656812534597933
3248,5.997181305691943,2.2516756954368075e-05,5.997181305691943,0.000566690238389594
3249,5.999181669394434,2.2557814402407092e-05,5.999181669394435,0.0005677106505027677
3250,6.001182033096926,2.259932196430929e-05,6.001182033096926,0.0005687425374437016
3251,6.003182396799417,2.2641281595151882e-05,6.003182396799418,0.000569785947659106
3252,6.005182760501909,2.2683695281170863e-05,6.005182760501909,0.0005708409304037174
3253,6.0071831242044,2.2726565039995416e-05,6.007183124204401,0.0005719075357461319
3254,6.009183487906892,2.276989292088717e-05,6.009183487906892,0.0005729858145747543
3255,6.011183851609383,2.2813681004984033e-05,6.011183851609384,0.0005740758186038788
3256,6.013184215311875,2.2857931405548792e-05,6.013184215311875,0.0005751776003798902
3257,6.015184579014366,2.2902646268222692e-05,6.015184579014366,0.0005762912132875985
3258,6.017184942716858,2.2947827771283744e-05,6.017184942716857,0.0005774167115566952
3259,6.019185306419349,2.299347812590998e-05,6.019185306419349,0.0005785541502683485
3260,6.02118567012184,2.3039599576447848e-05,6.02118567012184,0.000579703585361922
3261,6.023186033824332,2.308619440068553e-05,6.023186033824332,0.000580865073641835
3262,6.025186397526823,2.3133264910131358e-05,6.025186397526823,0.0005820386727845494
3263,6.027186761229315,2.3180813450297618e-05,6.027186761229315,0.0005832244413457024
3264,6.029187124931806,2.3228842400989302e-05,6.029187124931806,0.0005844224387673683
3265,6.031187488634297,2.3277354176598508e-05,6.0311874886342975,0.000585632725385469
3266,6.033187852336789,2.332635122640395e-05,6.033187852336789,0.0005868553624373178
3267,6.03518821603928,2.3375836034875998e-05,6.03518821603928,0.000588090412069315
3268,6.037188579741771,2.3425811121987363e-05,6.037188579741771,0.0005893379373447806
3269,6.0391889434442625,2.3476279043529233e-05,6.0391889434442625,0.0005905980022519422
3270,6.0411893071467535,2.352724239143306e-05,6.0411893071467535,0.0005918706717120638
3271,6.0431896708492445,2.357870379409826e-05,6.043189670849245,0.0005931560115877333
3272,6.045190034551736,2.363066591672556e-05,6.045190034551736,0.0005944540886912959
3273,6.047190398254227,2.368313146165626e-05,6.047190398254228,0.0005957649707934488
3274,6.049190761956719,2.373610316871764e-05,6.049190761956719,0.0005970887266319865
3275,6.05119112565921,2.378958381557415e-05,6.051191125659211,0.0005984254259207119
3276,6.053191489361701,2.3843576218085018e-05,6.053191489361702,0.0005997751393585012
3277,6.055191853064193,2.389808323066791e-05,6.055191853064192,0.0006011379386385402
3278,6.057192216766684,2.3953107746668886e-05,6.057192216766684,0.0006025138964577202
3279,6.059192580469175,2.4008652698738954e-05,6.059192580469175,0.0006039030865262019
3280,6.061192944171667,2.4064721059216904e-05,6.061192944171667,0.0006053055835771566
3281,6.063193307874158,2.4121315840518773e-05,6.063193307874158,0.0006067214633766695
3282,6.065193671576649,2.4178440095534127e-05,6.06519367157665,0.0006081508027338283
3283,6.067194035279141,2.4236096918028957e-05,6.067194035279141,0.0006095936795109813
3284,6.069194398981632,2.4294289443055466e-05,6.069194398981633,0.0006110501726341826
3285,6.071194762684124,2.4353020847368992e-05,6.071194762684124,0.0006125203621038125
3286,6.073195126386615,2.4412294349851733e-05,6.073195126386616,0.0006140043290053932
3287,6.075195490089106,2.4472113211943955e-05,6.075195490089106,0.0006155021555205801
3288,6.077195853791598,2.453248073808226e-05,6.077195853791598,0.0006170139249383586
3289,6.079196217494089,2.459340027614529e-05,6.079196217494089,0.0006185397216664195
3290,6.08119658119658,2.4654875217907084e-05,6.081196581196581,0.0006200796312427458
3291,6.083196944899072,2.4716908999497894e-05,6.083196944899072,0.0006216337403473854
3292,6.085197308601564,2.477950510187273e-05,6.085197308601564,0.0006232021368144393
3293,6.087197672304055,2.484266705128797e-05,6.087197672304055,0.0006247849096442431
3294,6.089198036006547,2.4906398419785616e-05,6.089198036006547,0.0006263821490157699
3295,6.091198399709038,2.4970702825686003e-05,6.091198399709038,0.0006279939462992321
3296,6.09319876341153,2.5035583934088454e-05,6.09319876341153,0.0006296203940689128
3297,6.095199127114021,2.5101045457380375e-05,6.09519912711402,0.0006312615861162011
3298,6.097199490816512,2.5167091155754916e-05,6.097199490816512,0.0006329176174628644
3299,6.099199854519004,2.5233724837737168e-05,6.099199854519003,0.0006345885843745316
3300,6.101200218221495,2.530095036071902e-05,6.101200218221495,0.0006362745843744199
3301,6.103200581923986,2.536877163150315e-05,6.103200581923986,0.000637975716257281
3302,6.1052009456264775,2.5437192606855853e-05,6.1052009456264775,0.0006396920801035963
3303,6.1072013093289685,2.550621729406899e-05,6.1072013093289685,0.0006414237772940001
3304,6.1092016730314604,2.557584975153159e-05,6.1092016730314604,0.0006431709105239605
3305,6.1112020367339515,2.5646094089310458e-05,6.1112020367339515,0.0006449335838186938
3306,6.1132024004364425,2.5716954469740883e-05,6.113202400436443,0.0006467119025483457
3307,6.115202764138934,2.5788435108026792e-05,6.1152027641389335,0.0006485059734434159
3308,6.117203127841425,2.5860540272850936e-05,6.117203127841425,0.000650315904610455
3309,6.119203491543916,2.5933274286995305e-05,6.119203491543916,0.0006521418055480137
3310,6.121203855246408,2.6006641527971745e-05,6.121203855246408,0.0006539837871628758
3311,6.123204218948899,2.6080646428662827e-05,6.123204218948899,0.0006558419617865499
3312,6.12520458265139,2.6155293477973775e-05,6.125204582651391,0.0006577164431920531
3313,6.127204946353882,2.6230587221494776e-05,6.127204946353882,0.000659607346610965
3314,6.129205310056373,2.6306532262174374e-05,6.129205310056374,0.0006615147887507824
3315,6.131205673758865,2.6383133261004294e-05,6.131205673758865,0.0006634388878125536
3316,6.133206037461356,2.6460394937715134e-05,6.133206037461357,0.000665379763508823
3317,6.135206401163847,2.6538322071484116e-05,6.135206401163847,0.0006673375370818658
3318,6.137206764866339,2.6616919501654204e-05,6.137206764866339,0.0006693123313222437
3319,6.13920712856883,2.669619212846525e-05,6.13920712856883,0.0006713042705876592
3320,6.141207492271321,2.6776144913797466e-05,6.141207492271322,0.0006733134808221454
3321,6.143207855973813,2.6856782881927046e-05,6.143207855973813,0.0006753400895755613
3322,6.145208219676304,2.693811112029434e-05,6.145208219676305,0.0006773842260234358
3323,6.147208583378795,2.702013478028506e-05,6.147208583378796,0.0006794460209871287
3324,6.149208947081287,2.710285907802428e-05,6.149208947081288,0.0006815256069543512
3325,6.151209310783778,2.7186289295183583e-05,6.151209310783779,0.0006836231181000165
3326,6.15320967448627,2.7270430779802097e-05,6.153209674486271,0.00068573869030746
3327,6.155210038188761,2.7355288947120664e-05,6.155210038188761,0.0006878724611900052
3328,6.157210401891252,2.74408692804305e-05,6.157210401891253,0.0006900245701129082
3329,6.159210765593744,2.752717733193568e-05,6.159210765593744,0.0006921951582156631
3330,6.161211129296235,2.7614218723630113e-05,6.161211129296236,0.0006943843684347004
3331,6.163211492998727,2.7701999148189475e-05,6.163211492998727,0.0006965923455264555
3332,6.165211856701219,2.7790524369877845e-05,6.165211856701219,0.0006988192360908494
3333,6.16721222040371,2.7879800225469536e-05,6.16721222040371,0.0007010651885951491
3334,6.169212584106201,2.7969832625186757e-05,6.1692125841062015,0.0007033303533982562
3335,6.171212947808693,2.806062755365279e-05,6.171212947808693,0.0007056148827753925
3336,6.173213311511184,2.8152191070861177e-05,6.173213311511183,0.0007079189309432233
3337,6.1752136752136755,2.8244529313161636e-05,6.175213675213675,0.0007102426540854017
3338,6.1772140389161665,2.8337648494262182e-05,6.177214038916166,0.0007125862103785515
3339,6.1792144026186575,2.8431554906248663e-05,6.1792144026186575,0.0007149497600187063
3340,6.181214766321149,2.852625492062123e-05,6.1812147663211485,0.0007173334652481883
3341,6.18321513002364,2.8621754989348484e-05,6.18321513002364,0.0007197374903829675
3342,6.185215493726131,2.871806164593974e-05,6.185215493726131,0.0007221620018404753
3343,6.187215857428623,2.881518150653536e-05,6.187215857428623,0.0007246071681679162
3344,6.189216221131114,2.8913121271015564e-05,6.189216221131114,0.0007270731600710523
3345,6.191216584833605,2.9011887724128565e-05,6.191216584833606,0.0007295601504435053
3346,6.193216948536097,2.911148773663767e-05,6.193216948536096,0.000732068314396547
3347,6.195217312238588,2.921192826648801e-05,6.195217312238588,0.000734597829289428
3348,6.19721767594108,2.931321635999369e-05,6.197217675941079,0.0007371488747602161
3349,6.199218039643571,2.9415359153044743e-05,6.199218039643571,0.0007397216327571903
3350,6.201218403346062,2.951836387233549e-05,6.201218403346062,0.0007423162875707656
3351,6.203218767048554,2.9622237836613663e-05,6.203218767048554,0.0007449330258659957
3352,6.205219130751045,2.9726988457951116e-05,6.205219130751045,0.0007475720367156251
3353,6.207219494453536,2.98326232430369e-05,6.207219494453537,0.0007502335116337437
3354,6.209219858156028,2.9939149794492375e-05,6.209219858156028,0.0007529176446100124
3355,6.211220221858519,3.0046575812209207e-05,6.21122022185852,0.000755624632144512
3356,6.21322058556101,3.015490909471097e-05,6.21322058556101,0.0007583546732831882
3357,6.215220949263502,3.0264157540538164e-05,6.215220949263502,0.0007611079696539453
3358,6.217221312965993,3.0374329149657387e-05,6.217221312965993,0.0007638847255033567
3359,6.219221676668485,3.0485432024895632e-05,6.219221676668485,0.0007666851477340514
3360,6.221222040370976,3.0597474373399054e-05,6.221222040370976,0.0007695094459427427
3361,6.223222404073467,3.071046450811806e-05,6.223222404073468,0.0007723578324589586
3362,6.225222767775959,3.0824410849318076e-05,6.225222767775959,0.0007752305223844414
3363,6.22722313147845,3.0939321926116986e-05,6.227223131478451,0.0007781277336332752
3364,6.229223495180941,3.105520637805014e-05,6.229223495180942,0.0007810496869727125
3365,6.231223858883433,3.117207295666266e-05,6.231223858883434,0.0007839966060647558
3366,6.233224222585924,3.12899305271301e-05,6.233224222585924,0.0007869687175084675
3367,6.235224586288416,3.1408788069908154e-05,6.235224586288416,0.0007899662508830667
3368,6.237224949990907,3.15286546824116e-05,6.237224949990907,0.0007929894387917821
3369,6.239225313693399,3.164953958072305e-05,6.239225313693399,0.0007960385169065241
3370,6.24122567739589,3.177145210133279e-05,6.24122567739589,0.0007991137240133471
3371,6.2432260410983815,3.1894401702909214e-05,6.2432260410983815,0.0008022153020587617
3372,6.2452264048008725,3.2018397968101714e-05,6.2452264048008725,0.0008053434961968701
3373,6.2472267685033644,3.214345060537558e-05,6.2472267685033644,0.0008084985548373883
3374,6.2492271322058555,3.22695694508801e-05,6.2492271322058555,0.0008116807296945248
3375,6.2512274959083465,3.239676447035084e-05,6.251227495908347,0.0008148902758367829
3376,6.253227859610838,3.252504576104602e-05,6.2532278596108375,0.0008181274517376552
3377,6.255228223313329,3.265442355371814e-05,6.255228223313329,0.0008213925193272815
3378,6.25722858701582,3.2784908214621906e-05,6.25722858701582,0.000824685744045037
3379,6.259228950718312,3.291651024755839e-05,6.259228950718312,0.0008280073948931212
3380,6.261229314420803,3.304924029595671e-05,6.261229314420803,0.0008313577444911211
3381,6.263229678123295,3.318310914499431e-05,6.263229678123295,0.0008347370691316154
3382,6.265230041825786,3.331812772375551e-05,6.265230041825786,0.0008381456488367928
3383,6.267230405528277,3.345430710743067e-05,6.267230405528278,0.0008415837674161596
3384,6.269230769230769,3.3591658519555425e-05,6.269230769230769,0.000845051712525303
3385,6.27123113293326,3.373019333429143e-05,6.271231132933261,0.0008485497757257897
3386,6.273231496635751,3.3869923078749956e-05,6.273231496635751,0.000852078252546168
3387,6.275231860338243,3.4010859435358216e-05,6.275231860338243,0.0008556374425441521
3388,6.277232224040734,3.415301424426991e-05,6.277232224040734,0.0008592276493699599
3389,6.279232587743225,3.429639950582136e-05,6.279232587743226,0.0008628491808308828
3390,6.281232951445717,3.444102738303313e-05,6.281232951445717,0.0008665023489570606
3391,6.283233315148208,3.4586910204158826e-05,6.283233315148209,0.0008701874700685426
3392,6.2852336788507,3.473406046528234e-05,6.2852336788507,0.0008739048648436058
3393,6.287234042553191,3.488249083296354e-05,6.287234042553192,0.0008776548583884159
3394,6.289234406255682,3.5032214146934654e-05,6.289234406255683,0.0008814377803080032
3395,6.291234769958174,3.51832434228476e-05,6.291234769958174,0.0008852539647786369
3396,6.293235133660665,3.533559185507341e-05,6.293235133660665,0.000889103750621584
3397,6.295235497363156,3.548927281955576e-05,6.295235497363156,0.0008929874813783036
3398,6.297235861065648,3.5644299876718515e-05,6.297235861065648,0.000896905505387122
3399,6.299236224768139,3.580068677442913e-05,6.299236224768139,0.0009008581758613821
3400,6.30123658847063,3.5958447451019606e-05,6.301236588470631,0.0009048458509691504
3401,6.303236952173122,3.611759603836515e-05,6.303236952173122,0.0009088688939144628
3402,6.305237315875613,3.6278146865022457e-05,6.305237315875614,0.0009129276730202011
3403,6.307237679578105,3.6440114459429426e-05,6.307237679578105,0.0009170225618125755
3404,6.309238043280596,3.660351355316622e-05,6.309238043280597,0.0009211539391073128
3405,6.311238406983088,3.676835908428082e-05,6.311238406983088,0.0009253221890975266
3406,6.313238770685579,3.693466620067901e-05,6.313238770685579,0.0009295277014433688
3407,6.3152391343880705,3.7102450263580853e-05,6.31523913438807,0.000933770871363441
3408,6.3172394980905615,3.727172685104561e-05,6.3172394980905615,0.0009380520997280724
3409,6.319239861793053,3.744251176156571e-05,6.3192398617930525,0.0009423717931544357
3410,6.321240225495544,3.761482101773166e-05,6.321240225495544,0.0009467303641036174
3411,6.323240589198035,3.778867086997026e-05,6.323240589198035,0.0009511282309796144
3412,6.325240952900527,3.796407780035651e-05,6.325240952900527,0.0009555658182303733
3413,6.327241316603019,3.8141058526501645e-05,6.327241316603018,0.0009600435564508482
3414,6.32924168030551,3.831963000551906e-05,6.32924168030551,0.0009645618824881966
3415,6.331242044008001,3.849980943806984e-05,6.331242044008001,0.000969121239549092
3416,6.333242407710492,3.868161427248927e-05,6.333242407710492,0.0009737220773092718
3417,6.335242771412983,3.886506220899678e-05,6.335242771412983,0.0009783648520253062
3418,6.337243135115476,3.9050171203991136e-05,6.337243135115475,0.000983050026648708
3419,6.339243498817967,3.923695947443202e-05,6.339243498817966,0.0009877780709423689
3420,6.341243862520458,3.9425445502312134e-05,6.341243862520458,0.0009925494615994508
3421,6.343244226222949,3.9615648039219054e-05,6.343244226222949,0.0009973646823647167
3422,6.34524458992544,3.980758611099125e-05,6.345244589925441,0.0010022242241584315
3423,6.347244953627931,4.000127902246929e-05,6.347244953627932,0.001007128585202825
3424,6.349245317330424,4.019674636234514e-05,6.349245317330424,0.0010120782711512486
3425,6.351245681032915,4.03940080081107e-05,6.351245681032915,0.0010170737952200182
3426,6.353246044735406,4.059308413111028e-05,6.353246044735406,0.0010221156783230855
3427,6.355246408437897,4.0793995201696437e-05,6.355246408437897,0.0010272044492095267
3428,6.357246772140388,4.0996761994494004e-05,6.357246772140389,0.0010323406446039961
3429,6.359247135842881,4.120140559377399e-05,6.35924713584288,0.0010375248093501426
3430,6.361247499545372,4.140794739893926e-05,6.361247499545372,0.0010427574965571355
3431,6.363247863247863,4.161640913012712e-05,6.363247863247863,0.001048039267749299
3432,6.365248226950354,4.1826812833928314e-05,6.365248226950355,0.001053370693019015
3433,6.367248590652845,4.203918088922779e-05,6.367248590652846,0.00105875235118289
3434,6.369248954355336,4.225353601316908e-05,6.369248954355338,0.001064184829941353
3435,6.371249318057829,4.2469901267245746e-05,6.371249318057829,0.0010696687260416862
3436,6.37324968176032,4.2688300063521944e-05,6.37324968176032,0.001075204645444657
3437,6.375250045462811,4.290875617098782e-05,6.375250045462811,0.0010807932034947614
3438,6.377250409165302,4.3131293722049576e-05,6.377250409165303,0.0010864350250942493
3439,6.379250772867793,4.335593721916027e-05,6.379250772867794,0.001092130744880948
3440,6.3812511365702855,4.358271154159373e-05,6.3812511365702855,0.001097881007410063
3441,6.3832515002727765,4.3811641952364494e-05,6.3832515002727765,0.0011036864673399727
3442,6.385251863975268,4.404275410529986e-05,6.3852518639752684,0.0011095477896222057
3443,6.3872522276777595,4.427607405226449e-05,6.3872522276777595,0.0011154656496956202
3444,6.3892525913802505,4.4511628250543854e-05,6.389252591380251,0.0011214407336849843
3445,6.3912529550827415,4.4749443570389635e-05,6.391252955082742,0.0011274737386039796
3446,6.393253318785233,4.498954730273136e-05,6.393253318785233,0.0011335653725628356
3447,6.395253682487725,4.523196716705764e-05,6.395253682487724,0.0011397163549806228
3448,6.397254046190216,4.5476731319473597e-05,6.397254046190216,0.0011459274168024174
3449,6.399254409892707,4.5723868360935955e-05,6.399254409892707,0.0011521993007213775
3450,6.401254773595198,4.597340734567243e-05,6.401254773595199,0.001158532761405949
3451,6.403255137297691,4.622537778978976e-05,6.40325513729769,0.0011649285657322447
3452,6.405255501000182,4.647980968007386e-05,6.405255501000182,0.001171387493021829
3453,6.407255864702673,4.6736733482990336e-05,6.407255864702673,0.0011779103352849564
3454,6.409256228405164,4.6996180153886325e-05,6.409256228405164,0.0011844978974695029
3455,6.411256592107655,4.725818114640203e-05,6.411256592107656,0.0011911509977156685
3456,6.413256955810146,4.752276842209627e-05,6.413256955810146,0.0011978704676166348
3457,6.415257319512639,4.778997446029178e-05,6.415257319512638,0.0012046571524853716
3458,6.41725768321513,4.805983226814523e-05,6.417257683215129,0.0012115119116276798
3459,6.419258046917621,4.833237539095057e-05,6.419258046917621,0.001218435618621741
3460,6.421258410620112,4.8607637922677936e-05,6.421258410620112,0.0012254291616042464
3461,6.423258774322603,4.888565451675758e-05,6.423258774322604,0.0012324934435633905
3462,6.425259138025096,4.916646039711406e-05,6.425259138025095,0.0012396293826388164
3463,6.427259501727587,4.945009136945645e-05,6.427259501727587,0.001246837912428806
3464,6.429259865430078,4.973658383283478e-05,6.429259865430078,0.0012541199823048132
3465,6.431260229132569,5.002597479146526e-05,6.43126022913257,0.001261476557733652
3466,6.43326059283506,5.031830186683509e-05,6.43326059283506,0.0012689086206074446
3467,6.435260956537551,5.061360331009299e-05,6.435260956537552,0.0012764171695816553
3468,6.437261320240044,5.0911918014733595e-05,6.437261320240043,0.0012840032204213324
3469,6.439261683942535,5.1213285529582656e-05,6.439261683942535,0.0012916678063558953
3470,6.441262047645026,5.1517746072094365e-05,6.441262047645026,0.0012994119784426037
3471,6.443262411347517,5.182534054196499e-05,6.443262411347518,0.0013072368059390675
3472,6.445262775050008,5.213611053507514e-05,6.445262775050009,0.0013151433766849378
3473,6.447263138752501,5.2450098357768234e-05,6.447263138752501,0.0013231327974931673
3474,6.449263502454992,5.2767347041473736e-05,6.449263502454992,0.0013312061945509905
3475,6.451263866157483,5.308790035768805e-05,6.4512638661574835,0.0013393647138310307
3476,6.453264229859974,5.3411802833318496e-05,6.453264229859974,0.0013476095215127037
3477,6.455264593562465,5.373909976640411e-05,6.4552645935624655,0.0013559418044143436
3478,6.4572649572649565,5.406983724222241e-05,6.4572649572649565,0.0013643627704362409
3479,6.459265320967448,5.440406214979366e-05,6.459265320967448,0.001372873649015039
3480,6.4612656846699394,5.474182219879224e-05,6.4612656846699394,0.0013814756915896988
3481,6.463266048372431,5.5083165936880814e-05,6.463266048372431,0.0013901701720795028
3482,6.465266412074922,5.542814276747403e-05,6.465266412074922,0.0013989583873743295
3483,6.467266775777413,5.577680296794811e-05,6.467266775777414,0.0014078416578376925
3484,6.469267139479905,5.612919770830785e-05,6.469267139479905,0.0014168213278228012
3485,6.471267503182397,5.648537907032298e-05,6.471267503182397,0.0014258987662021658
3486,6.473267866884888,5.6845400067151535e-05,6.473267866884887,0.001435075366911023
3487,6.475268230587379,5.720931466345905e-05,6.475268230587379,0.00144435254950514
3488,6.47726859428987,5.757717779605213e-05,6.47726859428987,0.0014537317597333006
3489,6.479268957992361,5.794904539504008e-05,6.479268957992362,0.001463214470125057
3490,6.481269321694854,5.8324974405540466e-05,6.481269321694853,0.0014728021805940857
3491,6.483269685397345,5.870502280994325e-05,6.483269685397345,0.0014824964190577666
3492,6.485270049099836,5.9089249650754296e-05,6.485270049099836,0.0014922987420733476
3493,6.487270412802327,5.947771505402982e-05,6.487270412802328,0.0015022107354913585
3494,6.489270776504818,5.9870480253423924e-05,6.489270776504819,0.0015122340151266702
3495,6.491271140207311,6.0267607614866134e-05,6.491271140207311,0.0015223702274478985
3496,6.493271503909802,6.066916066188651e-05,6.493271503909801,0.0015326210502855887
3497,6.495271867612293,6.107520410161253e-05,6.495271867612293,0.0015429881935599232
3498,6.497272231314784,6.148580385145213e-05,6.497272231314784,0.0015534734000284302
3499,6.499272595017275,6.19010270664885e-05,6.499272595017276,0.0015640784460544796
3500,6.501272958719766,6.232094216760667e-05,6.501272958719767,0.0015748051423970888
3501,6.503273322422259,6.274561887037496e-05,6.503273322422259,0.0015856553350228788
3502,6.50527368612475,6.317512821470295e-05,6.50527368612475,0.0015966309059407436
3503,6.507274049827241,6.360954259530486e-05,6.507274049827242,0.0016077337740601368
3504,6.509274413529732,6.404893579298689e-05,6.509274413529733,0.0016189658960735825
3505,6.511274777232223,6.449338300678953e-05,6.511274777232225,0.0016303292673643809
3506,6.513275140934716,6.494296088700973e-05,6.513275140934715,0.0016418259229401635
3507,6.515275504637207,6.539774756912962e-05,6.515275504637207,0.001653457938393342
3508,6.517275868339698,6.58578227086849e-05,6.517275868339698,0.0016652274308891634
3509,6.519276232042189,6.632326751709682e-05,6.5192762320421895,0.0016771365601824793
3510,6.52127659574468,6.679416479850317e-05,6.5212765957446805,0.0016891875296640194
3511,6.523276959447171,6.727059898761856e-05,6.523276959447172,0.0017013825874373442
3512,6.5252773231496635,6.775265618865807e-05,6.5252773231496635,0.0017137240274273731
3513,6.5272776868521545,6.824042421535619e-05,6.5272776868521545,0.0017262141905216317
3514,6.5292780505546455,6.873399263212262e-05,6.529278050554646,0.0017388554657453976
3515,6.5312784142571365,6.923345279636452e-05,6.5312784142571365,0.0017516502914717686
3516,6.533278777959628,6.973889790201912e-05,6.533278777959628,0.0017646011566680505
3517,6.53527914166212,7.025042302433485e-05,6.535279141662119,0.0017777106021795348
3518,6.537279505364611,7.076812516594027e-05,6.537279505364611,0.001790981222052176
3519,6.539279869067102,7.129210330424967e-05,6.539279869067102,0.0018044156648953373
3520,6.541280232769594,7.182245844024217e-05,6.541280232769594,0.0018180166352862225
3521,6.543280596472085,7.235929364866618e-05,6.543280596472085,0.0018317868952172766
3522,6.545280960174576,7.290271412971515e-05,6.545280960174577,0.0018457292655882924
3523,6.547281323877069,7.345282726222509e-05,6.547281323877068,0.0018598466277446237
3524,6.54928168757956,7.400974265844338e-05,6.54928168757956,0.0018741419250633785
3525,6.551282051282051,7.45735722204285e-05,6.55128205128205,0.0018886181645891204
3526,6.553282414984542,7.514443019812877e-05,6.553282414984542,0.0019032784187211003
3527,6.555282778687033,7.572243324920388e-05,6.555282778687033,0.001918125826953687
3528,6.557283142389526,7.630770050064782e-05,6.557283142389525,0.0019331635976721816
3529,6.559283506092017,7.690035361227366e-05,6.559283506092016,0.0019483950100058385
3530,6.561283869794508,7.750051684213196e-05,6.561283869794508,0.001963823415740455
3531,6.563284233496999,7.810831711392161e-05,6.563284233496999,0.0019794522412925233
3532,6.56528459719949,7.872388408647067e-05,6.565284597199491,0.0019952849897475027
3533,6.567284960901981,7.934735022535752e-05,6.567284960901982,0.002011325242964394
3534,6.569285324604474,7.997885087674954e-05,6.569285324604474,0.0020275766637493763
3535,6.571285688306965,8.061852434353633e-05,6.571285688306964,0.002044042998100919
3536,6.573286052009456,8.126651196384665e-05,6.573286052009456,0.00206072807752934
3537,6.575286415711947,8.192295819202597e-05,6.575286415711947,0.0020776358214534578
3538,6.577286779414438,8.258801068217121e-05,6.577286779414439,0.0020947702396775765
3539,6.579287143116931,8.326182037431376e-05,6.57928714311693,0.0021121354349516947
3540,6.581287506819422,8.394454158334496e-05,6.581287506819422,0.002129735605618458
3541,6.583287870521913,8.463633209079343e-05,6.583287870521913,0.002147575048350034
3542,6.585288234224404,8.533735323954897e-05,6.585288234224405,0.0021656581609787373
3543,6.587288597926895,8.604777003165114e-05,6.587288597926896,0.0021839894454248913
3544,6.589288961629386,8.676775122925344e-05,6.5892889616293875,0.0022025735107261005
3545,6.5912893253318785,8.749746945888425e-05,6.591289325331878,0.002221415076171768
3546,6.5932896890343695,8.823710131912509e-05,6.5932896890343695,0.0022405189745474028
3547,6.5952900527368605,8.898682749184507e-05,6.5952900527368605,0.002259890155492934
3548,6.5972904164393515,8.974683285711555e-05,6.597290416439352,0.0022795336889800087
3549,6.599290780141843,9.05173066119551e-05,6.5992907801418434,0.002299454768912899
3550,6.601291143844335,9.129844239304938e-05,6.601291143844335,0.002319658716858466
3551,6.603291507546826,9.209043840359726e-05,6.603291507546826,0.002340150985910276
3552,6.605291871249317,9.289349754445299e-05,6.605291871249318,0.0023609371646928392
3553,6.607292234951808,9.370782754972058e-05,6.607292234951809,0.002382022981511577
3554,6.6092925986543,9.453364112698486e-05,6.609292598654301,0.002403414308655067
3555,6.611292962356791,9.537115610235928e-05,6.611292962356791,0.002425117166855767
3556,6.613293326059283,9.622059557054318e-05,6.613293326059283,0.002447137729916382
3557,6.615293689761774,9.708218805008561e-05,6.615293689761774,0.0024694823295087365
3558,6.617294053464266,9.79561676440741e-05,6.617294053464266,0.002492157460153039
3559,6.619294417166757,9.884277420645585e-05,6.619294417166757,0.0025151697843851057
3560,6.621294780869248,9.974225351422924e-05,6.621294780869249,0.002538526138120227
3561,6.623295144571741,0.00010065485744574325,6.62329514457174,0.002562233536222071
3562,6.625295508274232,0.00010158084416535195,6.625295508274232,0.002586299178286174
3563,6.627295871976723,0.00010252047831469765,6.627295871976723,0.0026107304546473305
3564,6.629296235679214,0.00010347403121088397,6.629296235679215,0.0026355349526214177
3565,6.631296599381705,0.00010444178105183787,6.631296599381705,0.0026607204629919895
3566,6.633296963084196,0.00010542401312915838,6.633296963084197,0.002686294986753282
3567,6.635297326786689,0.00010642102004877029,6.635297326786688,0.0027122667421211064
3568,6.63729769048918,0.00010743310195971014,6.63729769048918,0.002738644171824522
3569,6.639298054191671,0.00010846056679140368,6.639298054191671,0.002765435950691045
3570,6.641298417894162,0.00010950373049978519,6.641298417894162,0.002792650993539666
3571,6.643298781596653,0.00011056291732265224,6.643298781596654,0.0028202984633959906
3572,6.645299145299146,0.00011163846004465477,6.645299145299145,0.0028483877800450494
3573,6.647299509001637,0.00011273070027233537,6.647299509001637,0.0028769286289381983
3574,6.649299872704128,0.00011383998871967665,6.649299872704128,0.0029059309704709655
3575,6.651300236406619,0.00011496668550460394,6.651300236406619,0.002935405049650395
3576,6.65330060010911,0.00011611116045694462,6.65330060010911,0.0029653614061706263
3577,6.655300963811601,0.00011727379343835259,6.655300963811602,0.0029958108849174017
3578,6.6573013275140935,0.00011845497467473933,6.657301327514093,0.0030267646469224587
3579,6.6593016912165846,0.0001196551051017742,6.6593016912165846,0.0030582341807909117
3580,6.661302054919076,0.00012087459672406408,6.661302054919076,0.0030902313146251026
3581,6.663302418621567,0.00012211387298862293,6.6633024186215675,0.0031227682284707407
3582,6.665302782324058,0.00012337336917330588,6.6653027823240585,0.0031558574673117047
3583,6.66730314602655,0.00012465353279089974,6.66730314602655,0.0031895119546424024
3584,6.669303509729041,0.00012595482400959746,6.669303509729041,0.0032237450066473347
3585,6.671303873431532,0.00012727771609064468,6.671303873431532,0.0032585703470202907
3586,6.673304237134023,0.00012862269584395172,6.673304237134023,0.003294002122456542
3587,6.6753046008365144,0.0001299902641025445,6.675304600836515,0.0033300549188544793
3588,6.6773049645390055,0.00013138093621675295,6.677304964539006,0.003366743778264322
3589,6.679305328241498,0.00013279524256909394,6.679305328241498,0.003404084216624942
3590,6.681305691943989,0.0001342337291108492,6.681305691943989,0.0034420922423312877
3591,6.68330605564648,0.00013569695792141833,6.683306055646481,0.003480784375678731
3592,6.685306419348972,0.0001371855077915476,6.685306419348972,0.003520177669232406
3593,6.687306783051463,0.00013869997483163823,6.687306783051464,0.0035602897291738874
3594,6.689307146753955,0.00014024097310638104,6.689307146753955,0.003601138737679723
3595,6.691307510456446,0.00014180913529703834,6.691307510456446,0.0036427434763910875
3596,6.693307874158938,0.0001434051133927914,6.693307874158937,0.0036851233510364874
3597,6.695308237861429,0.00014502957941261343,6.695308237861429,0.003728298417274785
3598,6.69730860156392,0.00014668322615925527,6.69730860156392,0.003772289407829002
3599,6.699308965266411,0.00014836676800699853,6.699308965266412,0.003817117760987422
3600,6.701309328968904,0.00015008094172493862,6.701309328968903,0.003862805650552331
3601,6.703309692671395,0.00015182650733765594,6.703309692671395,0.00390937601732362
3602,6.705310056373886,0.00015360424902527122,6.705310056373886,0.003956852602209048
3603,6.707310420076377,0.00015541497606495638,6.707310420076378,0.004005259981060796
3604,6.709310783778868,0.00015725952381614552,6.709310783778869,0.004054623601343461
3605,6.711311147481361,0.00015913875475180052,6.71131114748136,0.004104969820747547
3606,6.713311511183852,0.00016105355953823202,6.713311511183851,0.004156325947869132
3607,6.715311874886343,0.0001630048581661611,6.715311874886343,0.004208720285086622
3608,6.717312238588834,0.0001649936011358241,6.717312238588834,0.004262182173773427
3609,6.719312602291325,0.00016702077069915243,6.719312602291326,0.004316742041997165
3610,6.721312965993816,0.00016908738216222133,6.721312965993817,0.004372431454865475
3611,6.723313329696309,0.00017119448525137898,6.723313329696309,0.004429283167692174
3612,6.7253136933988,0.00017334316554667482,6.7253136933988,0.004487331182168809
3613,6.727314057101291,0.00017553454598647763,6.7273140571012915,0.0045466108057424836
3614,6.729314420803782,0.00017776978844737123,6.7293144208037825,0.004607158714414466
3615,6.731314784506273,0.00018005009540374595,6.7313147845062735,0.004669013019192484
3616,6.733315148208765,0.0001823767116717647,6.7333151482087645,0.004732213336445959
3617,6.735315511911256,0.00018475092624269882,6.735315511911256,0.004796800862435001
3618,6.7373158756137475,0.00018717407421100352,6.7373158756137475,0.004862818452303624
3619,6.7393162393162385,0.00018964753880280688,6.739316239316239,0.004930310703852929
3620,6.7413166030187295,0.0001921727535109439,6.74131660301873,0.004999324046433711
3621,6.7433169667212205,0.00019475120434305388,6.743316966721222,0.005069906835327764
3622,6.745317330423713,0.000197384432189734,6.745317330423713,0.005142109452015709
3623,6.747317694126204,0.00020007403532022112,6.747317694126205,0.005215984410764561
3624,6.749318057828695,0.00020282167201364978,6.749318057828696,0.005291586472002722
3625,6.751318421531186,0.00020562906333444498,6.751318421531187,0.005368972762992212
3626,6.753318785233677,0.00020849799606110155,6.753318785233678,0.005448202906349702
3627,6.75531914893617,0.00021143032577824027,6.75531914893617,0.005529339157018302
3628,6.757319512638661,0.0002144279801425621,6.757319512638661,0.005612446548342694
3629,6.759319876341152,0.00021749296233416153,6.759319876341152,0.005697593047960751
3630,6.761320240043644,0.00022062735470544258,6.761320240043644,0.005784849724286719
3631,6.763320603746135,0.00022383332264089653,6.763320603746135,0.005874290924432958
3632,6.765320967448626,0.00022711311864196624,6.765320967448627,0.005965994464495144
3633,6.767321331151118,0.000230469086652347,6.767321331151118,0.006060041833210308
3634,6.76932169485361,0.00023390366664025232,6.76932169485361,0.006156518410094406
3635,6.771322058556101,0.00023741939945553527,6.7713220585561,0.0062555136992684945
3636,6.773322422258592,0.0002410189319808902,6.773322422258592,0.00635712158030175
3637,6.775322785961083,0.0002447050225980014,6.775322785961083,0.0064614405775256425
3638,6.777323149663576,0.0002484805469911485,6.777323149663575,0.006568574149419748
3639,6.779323513366067,0.0002523485043126279,6.779323513366066,0.006678630999825663
3640,6.781323877068558,0.0002563120237364262,6.781323877068558,0.006791725412925546
3641,6.783324240771049,0.0002603743714286982,6.783324240771049,0.006907977614115693
3642,6.78532460447354,0.000264538957966118,6.785324604473541,0.00702751415912849
3643,6.787324968176031,0.0002688093462357733,6.787324968176032,0.007150468353998041
3644,6.789325331878524,0.0002731892598532009,6.789325331878524,0.007276980708742321
3645,6.791325695581015,0.00027768259213833545,6.791325695581014,0.007407199427938042
3646,6.793326059283506,0.0002822934156927266,6.793326059283506,0.007541280941711775
3647,6.795326422985997,0.0002870259926251226,6.795326422985997,0.007679390481052999
3648,6.797326786688488,0.00029188478547689616,6.7973267866884886,0.007821702701792003
3649,6.7993271503909805,0.0002968744689034026,6.79932715039098,0.007968402362069296
3650,6.8013275140934715,0.00030199994217253954,6.8013275140934715,0.008119685058676752
3651,6.8033278777959625,0.0003072663425475614,6.8033278777959625,0.00827575802826645
3652,6.8053282414984535,0.0003126790596273888,6.805328241498454,0.00843684102012808
3653,6.8073286052009445,0.00031824375072478036,6.807328605200945,0.008603167248024044
3654,6.8093289689034355,0.0003239663573703995,6.809328968903437,0.00877498442947448
3655,6.811329332605928,0.0003298531230394411,6.811329332605927,0.008952555921899535
3656,6.813329696308419,0.0003359106122069906,6.813329696308419,0.009136161966190662
3657,6.81533006001091,0.00034214573084900054,6.81533006001091,0.009326101049598086
3658,6.817330423713401,0.00034856574851743543,6.817330423713402,0.009522691401332953
3659,6.819330787415892,0.0003551783221314618,6.819330787415893,0.009726272635998198
3660,6.821331151118385,0.0003619915216411859,6.821331151118385,0.009937207561937519
3661,6.823331514820876,0.0003690138577368653,6.823331514820876,0.010155884173844481
3662,6.825331878523367,0.0003762543117950234,6.825331878523368,0.010382717851574115
3663,6.827332242225858,0.0003837223682733241,6.827332242225859,0.010618153790078525
3664,6.829332605928349,0.00039142804978937757,6.829332605928351,0.010862669688836788
3665,6.831332969630842,0.00039938195514453955,6.831332969630841,0.011116778733119004
3666,6.833333333333333,0.00040759530058301704,6.833333333333333,0.011381032904034083
3667,6.835333697035824,0.0004160799646096919,6.835333697035824,0.011656026659641817
3668,6.837334060738315,0.0004248485367270908,6.837334060738316,0.011942401035621577
3669,6.839334424440807,0.0004339143704942317,6.839334424440807,0.012240848221207917
3670,6.841334788143298,0.00044329164135762267,6.841334788143299,0.012552116674545508
3671,6.84333515184579,0.00045299540975881887,6.84333515184579,0.012877016851472613
3672,6.845335515548282,0.0004630416900843358,6.845335515548282,0.013216427633317245
3673,6.847335879250773,0.0004734475260938299,6.847335879250773,0.013571303552871603
3674,6.849336242953264,0.0004842310735419786,6.849336242953265,0.013942682933727066
3675,6.851336606655755,0.0004954116908008975,6.851336606655755,0.01433169707704048
3676,6.853336970358248,0.0005070100383941272,6.853336970358247,0.014739580652178503
3677,6.855337334060739,0.0005190481884728887,6.855337334060738,0.015167683474210481
3678,6.85733769776323,0.0005315497454030189,6.85733769776323,0.015617483882791746
3679,6.859338061465721,0.0005445399787890936,6.859338061465721,0.016090603974598945
3680,6.861338425168212,0.0005580459704453612,6.861338425168213,0.016588826986480273
3681,6.863338788870703,0.0005720967770343853,6.863338788870704,0.017114117180392997
3682,6.8653391525731955,0.0005867236103395111,6.8653391525731955,0.01766864264601633
3683,6.8673395162756865,0.0006019600374220411,6.8673395162756865,0.01825480151499356
3684,6.8693398799781775,0.0006178422032460612,6.869339879978178,0.018875252175101366
3685,6.8713402436806685,0.0006344090787409446,6.8713402436806685,0.019532948186884593
3686,6.8733406073831596,0.0006517027377255866,6.87334060738316,0.020231178744065097
3687,6.875340971085652,0.0006697686666507233,6.8753409710856515,0.020973615687943294
3688,6.877341334788143,0.000688656111742488,6.8773413347881425,0.02176436829219819
3689,6.879341698490634,0.0007084184688705745,6.879341698490634,0.02260804728667505
3690,6.881342062193125,0.00072911372233994,6.881342062193125,0.023509839897932202
3691,6.883342425895616,0.000750804939845792,6.883342425895617,0.02447559806405146
3692,6.885342789598107,0.0007735608320706866,6.885342789598108,0.025511942448326677
3693,6.8873431533006,0.0007974563868839925,6.8873431533006,0.026626385451748148
3694,6.889343517003091,0.0008225735898803467,6.88934351700309,0.02782747713302135
3695,6.891343880705582,0.0008490022451322059,6.891343880705582,0.02912497881807624
3696,6.893344244408073,0.000876840912613671,6.893344244408073,0.030530070255129785
3697,6.895344608110564,0.0009061979818851055,6.895344608110565,0.032055597488897816
3698,6.897344971813057,0.0009371929054402418,6.897344971813056,0.033716370235339424
3699,6.899345335515548,0.0009699576197779998,6.899345335515548,0.035529519484472034
3700,6.901345699218039,0.0010046381879836063,6.901345699218039,0.0375149283841358
3701,6.90334606292053,0.0010413967046593222,6.903346062920531,0.03969575218024181
3702,6.905346426623021,0.0010804135127894308,6.905346426623022,0.04209904607317483
3703,6.907346790325513,0.0011218897930107877,6.907346790325514,0.04475652315031227
3704,6.909347154028005,0.001166050599386622,6.909347154028004,0.04770546771392604
3705,6.911347517730496,0.0012131484329274413,6.911347517730496,0.050989831593991286
3706,6.913347881432987,0.0012634674658018948,6.913347881432987,0.054661540961273916
3707,6.915348245135479,0.0013173285568011826,6.915348245135479,0.05878203603029775
3708,6.91734860883797,0.0013750952340042227,6.91734860883797,0.06342405097296946
3709,6.919348972540462,0.0014371808662119738,6.919348972540462,0.06867360771770789
3710,6.921349336242954,0.0015040573039516725,6.921349336242953,0.07463213016518874
3711,6.923349699945445,0.0015762653483196297,6.923349699945445,0.081418459538747
3712,6.925350063647936,0.0016544275080287163,6.925350063647936,0.089170325959127
3713,6.927350427350427,0.001739263640694886,6.927350427350428,0.09804444176135119
3714,6.929350791052918,0.0018316102562330283,6.929350791052918,0.10821373636387153
3715,6.9313511547554105,0.0019324445062028858,6.93135115475541,0.11985923801748642
3716,6.9333515184579015,0.0020429142189364066,6.933351518457901,0.13315264017844441
3717,6.935351882160393,0.002164375804045082,6.935351882160393,0.1482237666206876
3718,6.937352245862884,0.002298442497196275,6.937352245862884,0.1651056169448405
3719,6.939352609565375,0.0024470463303195734,6.9393526095653755,0.18365032847918028
3720,6.941352973267867,0.0026125185203577424,6.9413529732678665,0.20341624421536877
3721,6.943353336970358,0.0027976948667000415,6.943353336970358,0.22354528240702512
3722,6.945353700672849,0.003006055539835115,6.945353700672849,0.24268429855118223
3723,6.94735406437534,0.003241912820363218,6.947354064375341,0.25904197759934655
3724,6.949354428077831,0.003510666703642692,6.949354428077831,0.2706716135599103
3725,6.9513547917803225,0.003819158142209289,6.951354791780323,0.2759738423894875
3726,6.953355155482815,0.004176165300872918,6.953355155482814,0.2742336694888156
3727,6.955355519185306,0.004593113458705916,6.955355519185306,0.2658932548675948
3728,6.957355882887797,0.005085111106039599,6.957355882887797,0.2523832306836573
3729,6.959356246590288,0.005672496252464699,6.959356246590289,0.2356239272501348
3730,6.961356610292779,0.006383202549338501,6.96135661029278,0.217489525360694
3731,6.963356973995272,0.007256483036379526,6.963356973995272,0.19946355522607553
3732,6.965357337697763,0.008348959795569235,6.965357337697763,0.18253228586993214
3733,6.967357701400254,0.009744814557733374,6.967357701400255,0.16723924070146756
3734,6.969358065102745,0.011573681186740025,6.969358065102745,0.15380359575024832
3735,6.971358428805236,0.014043595965215858,6.971358428805237,0.14223854977807898
3736,6.973358792507727,0.017505110883579162,6.973358792507728,0.13244322751282558
3737,6.97535915621022,0.02258417754824611,6.97535915621022,0.1242645579196183
3738,6.977359519912711,0.030477740473592547,6.977359519912711,0.11753487474716258
3739,6.979359883615202,0.04366021702265072,6.979359883615203,0.11209271896880418
3740,6.981360247317693,0.06764502661164687,6.981360247317694,0.10779309151387105
3741,6.983360611020185,0.11474285093901226,6.983360611020186,0.10451156040631064
3742,6.985360974722677,0.20033386211480064,6.985360974722677,0.10214504937043725
3743,6.987361338425168,0.2593835856952867,6.987361338425169,0.10061101376395255
3744,6.989361702127659,0.18798497558005475,6.989361702127659,0.09984598492857492
3745,6.991362065830151,0.1131302813891112,6.99136206583015,0.09980402297065501
3746,6.993362429532642,0.0770745855033702,6.993362429532642,0.1004553616604588
3747,6.995362793235133,0.06412229029327396,6.995362793235133,0.10178538660526447
3748,6.997363156937625,0.06612188876382127,6.997363156937625,0.10379401266325647
3749,6.999363520640117,0.08428306069360067,6.999363520640116,0.10649548964896778
3750,7.001363884342608,0.12964246435938467,7.001363884342608,0.10991864864716189
3751,7.003364248045099,0.21432478472420544,7.003364248045099,0.11410759278766716
3752,7.00536461174759,0.25713245478988955,7.0053646117475905,0.11912282682582762
3753,7.007364975450082,0.17461792639931104,7.0073649754500815,0.12504279961923181
3754,7.009365339152573,0.099682095949021,7.0093653391525725,0.1319657894183887
3755,7.011365702855064,0.06085921406514444,7.0113657028550636,0.14001197329995063
3756,7.0133660665575555,0.04087715808163439,7.0133660665575555,0.14932535601991376
3757,7.0153664302600465,0.029729755906034168,7.0153664302600465,0.16007493769037615
3758,7.0173667939625375,0.0230139269854534,7.017366793962538,0.17245399548142537
3759,7.01936715766503,0.018718863534635807,7.019367157665029,0.1866755367166003
3760,7.021367521367521,0.015852156759009455,7.021367521367521,0.20296074097860528
3761,7.023367885070012,0.013886472503157646,7.023367885070012,0.22151552830703064
3762,7.025368248772503,0.012523737283971496,7.025368248772504,0.24248858902229864
3763,7.027368612474994,0.011587110513427893,7.027368612474995,0.26590347958518573
3764,7.029368976177487,0.01096804854164182,7.029368976177486,0.29156063927603393
3765,7.031369339879978,0.010598835288711212,7.031369339879977,0.3189176337329933
3766,7.033369703582469,0.010437677695890091,7.033369703582469,0.34698320593317566
3767,7.03537006728496,0.010460398482448265,7.03537006728496,0.3743001895016702
3768,7.037370430987451,0.010655827966322876,7.037370430987452,0.3991170534342726
3769,7.039370794689942,0.01102344671369369,7.039370794689943,0.4198022386514887
3770,7.041371158392435,0.011572569041125238,7.041371158392435,0.4354054798679138
3771,7.043371522094926,0.012322777245043659,7.043371522094926,0.4460997164874346
3772,7.045371885797417,0.013305605805308955,7.045371885797418,0.45323586368105806
3773,7.047372249499908,0.014567742097215688,7.047372249499909,0.4589789096145932
3774,7.049372613202399,0.016176345022525098,7.0493726132024,0.46575987178958167
3775,7.051372976904892,0.018227600333219705,7.051372976904891,0.47582799868219383
3776,7.053373340607383,0.020860528412617145,7.053373340607383,0.49103416848047937
3777,7.055373704309874,0.024279725310041585,7.055373704309874,0.5128075856617827
3778,7.057374068012365,0.028793974803205263,7.057374068012366,0.5422169103789245
3779,7.059374431714857,0.03488436848107234,7.059374431714857,0.5800161711504149
3780,7.061374795417348,0.0433301072481636,7.061374795417349,0.6266081592660636
3781,7.06337515911984,0.055453605850212674,7.06337515911984,0.6818830861171066
3782,7.065375522822331,0.07362853748959033,7.065375522822332,0.744910631610172
3783,7.067375886524823,0.10240883446425807,7.067375886524823,0.8135016480096177
3784,7.069376250227314,0.15122336026660202,7.069376250227314,0.8837414013926923
3785,7.071376613929805,0.24110249798940844,7.071376613929805,0.9497405161662549
3786,7.073376977632297,0.4193469201586217,7.073376977632297,1.003989228646611
3787,7.0753773413347885,0.749868972702933,7.075377341334788,1.0386467921723914
3788,7.0773777050372795,1.0004462087373467,7.0773777050372795,1.0476419463113116
3789,7.0793780687397705,0.7223930080666784,7.0793780687397705,1.0287302290546967
3790,7.0813784324422615,0.4021503263185162,7.081378432442262,0.984320767613985
3791,7.0833787961447525,0.2323811651097036,7.083378796144753,0.9205281523632755
3792,7.085379159847245,0.1464292098216632,7.085379159847245,0.8450683503217377
3793,7.087379523549736,0.09942040524916586,7.087379523549736,0.7651925777786072
3794,7.089379887252227,0.07151382456097988,7.089379887252227,0.6864657578951566
3795,7.091380250954718,0.05377358991511108,7.091380250954718,0.6124691185641343
3796,7.093380614657209,0.04185919672659757,7.09338061465721,0.5450819641533038
3797,7.095380978359702,0.03349613493557461,7.095380978359701,0.48496697326181726
3798,7.097381342062193,0.027411080917362503,7.097381342062193,0.43202963445924747
3799,7.099381705764684,0.02285026592703124,7.099381705764684,0.385765080716174
3800,7.101382069467175,0.019345998883731244,7.101382069467176,0.3454870750598956
3801,7.103382433169666,0.016596301624284826,7.103382433169667,0.310464655867268
3802,7.105382796872157,0.014399447886482605,7.105382796872159,0.2799959949106587
3803,7.10738316057465,0.012616673890095161,7.10738316057465,0.25344326705149367
3804,7.109383524277141,0.011150064280353592,7.10938352427714,0.23024498645170932
3805,7.111383887979632,0.009928968324557063,7.111383887979632,0.20991623268091783
3806,7.113384251682123,0.008901393984470977,7.113384251682123,0.19204297969884793
3807,7.115384615384614,0.008028404556694901,7.115384615384615,0.1762740452044424
3808,7.117384979087107,0.007280380428833024,7.117384979087106,0.16231254507398865
3809,7.119385342789598,0.006634470217061271,7.119385342789598,0.14990778889562603
3810,7.121385706492089,0.006072818464990775,7.121385706492089,0.1388480218933531
3811,7.12338607019458,0.005581311271886084,7.123386070194581,0.1289541341762884
3812,7.125386433897071,0.005148674082714836,7.125386433897072,0.12007431488375654
3813,7.127386797599562,0.004765813170060158,7.127386797599564,0.11207956381977537
3814,7.129387161302055,0.004425328476831654,7.129387161302054,0.10485995028644761
3815,7.131387525004546,0.004121148745383088,7.131387525004546,0.09832150743588515
3816,7.133387888707037,0.0038482551038420375,7.133387888707037,0.09238365914058122
3817,7.135388252409528,0.003602469445193388,7.135388252409529,0.08697708897448633
3818,7.13738861611202,0.0033802908191220573,7.13738861611202,0.08204197422229687
3819,7.139388979814512,0.0031787677876487035,7.139388979814512,0.07752652036316997
3820,7.141389343517003,0.0029953979909225895,7.141389343517003,0.0733857425733426
3821,7.1433897072194945,0.0028280484938690634,7.1433897072194945,0.06958045029110264
3822,7.1453900709219855,0.0026748921431822823,7.1453900709219855,0.06607639884873184
3823,7.1473904346244765,0.0025343563610156572,7.147390434624477,0.06284357875950405
3824,7.1493907983269676,0.0024050816742272616,7.1493907983269676,0.05985561864653093
3825,7.15139116202946,0.0022858879202510007,7.1513911620294595,0.05708928220388273
3826,7.153391525731951,0.002175746547689935,7.1533915257319505,0.05452404316193512
3827,7.155391889434442,0.002073757787099691,7.155391889434442,0.05214172513727412
3828,7.157392253136933,0.001979131737341487,7.157392253136933,0.049926195608870585
3829,7.159392616839424,0.0018911726182968696,7.159392616839425,0.04786310518028479
3830,7.161392980541917,0.0018092655982081213,7.161392980541916,0.045939664847755156
3831,7.163393344244408,0.0017328657254560335,7.163393344244408,0.0441444552648894
3832,7.165393707946899,0.0016614885890204874,7.165393707946899,0.042467263032352
3833,7.16739407164939,0.0015947024056983425,7.167394071649391,0.040898939890091426
3834,7.169394435351881,0.0015321212902092989,7.169394435351881,0.039431281386668085
3835,7.171394799054372,0.0014733995102375527,7.171394799054373,0.03805692217398912
3836,7.173395162756865,0.0014182265649653283,7.173395162756864,0.0367692455498699
3837,7.175395526459356,0.0013663229548332733,7.175395526459356,0.03556230526402797
3838,7.177395890161847,0.0013174365336968614,7.177395890161847,0.03443075793085393
3839,7.179396253864338,0.0012713393534602541,7.179396253864339,0.03336980466684192
3840,7.181396617566829,0.0012278249265966538,7.18139661756683,0.03237514080220441
3841,7.183396981269322,0.0011867058444445535,7.183396981269322,0.031442912713123994
3842,7.185397344971813,0.0011478116993711652,7.185397344971813,0.030569680990368806
3843,7.187397708674304,0.0011109872672670999,7.187397708674305,0.02975238930729632
3844,7.189398072376795,0.0010760909137364468,7.189398072376795,0.028988338480686483
3845,7.191398436079286,0.0010429931930505368,7.191398436079287,0.028275165335605104
3846,7.193398799781777,0.0010115756136691342,7.193398799781778,0.027610826094622547
3847,7.19539916348427,0.0009817295480755283,7.19539916348427,0.026993584115741875
3848,7.197399527186761,0.0009533552679665567,7.197399527186761,0.026422001905960984
3849,7.199399890889252,0.0009263610885994319,7.199399890889253,0.025894937442003562
3850,7.201400254591743,0.0009006626084196371,7.201400254591744,0.025411544940282256
3851,7.203400618294234,0.0008761820320511299,7.203400618294236,0.024971280338695497
3852,7.205400981996727,0.000852847566386254,7.205400981996727,0.024573911888197915
3853,7.207401345699218,0.0008305928809168693,7.2074013456992185,0.024219536407622845
3854,7.209401709401709,0.000809356624641919,7.209401709401709,0.02390860193745017
3855,7.2114020731042,0.0007890819929053218,7.211402073104201,0.023641937744618098
3856,7.213402436806692,0.0007697163383876618,7.213402436806692,0.02342079289002105
3857,7.215402800509183,0.0007512108212212122,7.2154028005091835,0.023246884883276094
3858,7.2174031642116745,0.0007335200938382114,7.2174031642116745,0.02312246032730014
3859,7.219403527914166,0.0007166020167139029,7.219403527914166,0.02305036991048628
3860,7.221403891616657,0.0007004174016415075,7.221403891616657,0.023034160648474678
3861,7.223404255319148,0.0006849297795884007,7.223404255319149,0.023078188918745683
3862,7.225404619021639,0.0006701051905391378,7.22540461902164,0.023187758568418083
3863,7.227404982724132,0.0006559119930412507,7.2274049827241305,0.023369289187809474
3864,7.229405346426623,0.000642320691439627,7.229405346426622,0.02363052046962706
3865,7.231405710129114,0.0006293037790205681,7.231405710129113,0.023980759282875453
3866,7.233406073831605,0.0006168355954929454,7.233406073831605,0.024431176414612402
3867,7.235406437534096,0.0006048921974139529,7.235406437534096,0.024995159365265973
3868,7.237406801236587,0.0005934512403257123,7.237406801236588,0.025688725197901597
3869,7.23940716493908,0.0005824918715084358,7.239407164939079,0.026530991585780712
3870,7.241407528641571,0.0005719946323790877,7.241407528641571,0.027544691990513247
3871,7.243407892344062,0.0005619413696732581,7.243407892344062,0.028756697408551968
3872,7.245408256046553,0.0005523151546449264,7.245408256046554,0.030198464161156655
3873,7.247408619749044,0.0005431002096045038,7.247408619749044,0.031906251686715514
3874,7.249408983451537,0.0005342818411925043,7.249408983451536,0.033920826560876784
3875,7.251409347154028,0.0005258463798549712,7.251409347154027,0.03628616263932318
3876,7.253409710856519,0.0005177811250485503,7.253409710856519,0.03904633518374904
3877,7.25541007455901,0.0005100742957592748,7.25541007455901,0.04223938444080336
3878,7.257410438261501,0.000502714985969723,7.257410438261502,0.04588647165585186
3879,7.259410801963992,0.0004956931247558294,7.259410801963993,0.049974466591523874
3880,7.261411165666485,0.0004889994407373677,7.261411165666485,0.05443091952122894
3881,7.263411529368976,0.00048262543064588417,7.263411529368976,0.05909348869277235
3882,7.265411893071467,0.0004765633318109687,7.265411893071468,0.0636827205033141
3883,7.267412256773958,0.0004708060984011429,7.267412256773958,0.0677969478552327
3884,7.269412620476449,0.00046534738128920666,7.26941262047645,0.07095422149753451
3885,7.271412984178942,0.0004601815114446985,7.271412984178941,0.07269471967242362
3886,7.273413347881433,0.00045530348678829213,7.273413347881433,0.07271953526764731
3887,7.275413711583924,0.000450708962474976,7.275413711583924,0.07099915775344173
3888,7.277414075286415,0.00044639424460550964,7.277414075286416,0.06778484190697281
3889,7.279414438988906,0.000442356287398945,7.279414438988907,0.06351529694114774
3890,7.281414802691398,0.0004385926938939774,7.2814148026913985,0.0586777020019979
3891,7.2834151663938895,0.00043510172028380766,7.2834151663938895,0.05369458627717536
3892,7.2854155300963805,0.00043188228402887623,7.285415530096381,0.04887009906971346
3893,7.287415893798872,0.0004289339759348862,7.287415893798872,0.0443877262962013
3894,7.2894162575013635,0.00042625707643102143,7.2894162575013635,0.04033492484906591
3895,7.2914166212038545,0.00042385257633584294,7.2914166212038545,0.036734025344990616
3896,7.293416984906346,0.0004217222024574588,7.293416984906346,0.033568684813805164
3897,7.295417348608837,0.0004198684484413407,7.295417348608837,0.030802785862217758
3898,7.297417712311329,0.00041829461135520956,7.297417712311329,0.028392443008257183
3899,7.29941807601382,0.0004170048345877032,7.29941807601382,0.026292928024461648
3900,7.301418439716311,0.00041600415773811156,7.301418439716312,0.024462264829635923
3901,7.303418803418802,0.00041529857429120463,7.303418803418803,0.022862811308229918
3902,7.305419167121295,0.0004148950980071854,7.305419167121295,0.021461706176403927
3903,7.307419530823786,0.0004148018391160688,7.307419530823785,0.02023072393525179
3904,7.309419894526277,0.00041502809159308437,7.309419894526277,0.01914585553328018
3905,7.311420258228768,0.00041558443301290655,7.311420258228768,0.018186791264409637
3906,7.313420621931259,0.0004164828387427892,7.31342062193126,0.017336398320094037
3907,7.315420985633752,0.00041773681254694833,7.315420985633751,0.016580237204668682
3908,7.317421349336243,0.00041936153604774833,7.317421349336243,0.015906134636504157
3909,7.319421713038734,0.00042137403993715023,7.319421713038734,0.01530381657533838
3910,7.321422076741225,0.00042379340037147973,7.321422076741226,0.014764598174822665
3911,7.323422440443716,0.00042664096463547273,7.323422440443717,0.014281124543605809
3912,7.325422804146207,0.0004299406109547118,7.325422804146209,0.013847155358439379
3913,7.3274231678487,0.00043371904830339335,7.327423167848699,0.01345738656740531
3914,7.329423531551191,0.00043800616324052207,7.329423531551191,0.01310730307801817
3915,7.331423895253682,0.0004428354222682404,7.331423895253682,0.012793057139247948
3916,7.333424258956173,0.00044824434001289847,7.333424258956174,0.012511367944397684
3917,7.335424622658664,0.0004542750257764016,7.335424622658665,0.012259438732137563
3918,7.337424986361157,0.0004609748238135639,7.337424986361157,0.0120348883189734
3919,7.339425350063648,0.0004683970662202418,7.339425350063648,0.011835694553965964
3920,7.341425713766139,0.0004766019617772376,7.34142571376614,0.01166014765230898
3921,7.34342607746863,0.0004856576497651921,7.343426077468631,0.011506811749571405
3922,7.345426441171121,0.0004956414550200326,7.345426441171122,0.011374493335169565
3923,7.347426804873612,0.00050664138983969,7.347426804873613,0.011262215483619319
3924,7.349427168576105,0.0005187579604646799,7.349427168576104,0.011169197015707302
3925,7.351427532278596,0.0005321063516734995,7.351427532278596,0.011094835897894617
3926,7.353427895981087,0.000546819083851804,7.353427895981087,0.011038696334603047
3927,7.355428259683578,0.0005630492645133034,7.3554282596835785,0.011000499130875715
3928,7.3574286233860695,0.0005809745932077053,7.3574286233860695,0.010980115007568207
3929,7.359428987088561,0.000600802328651968,7.359428987088561,0.010977560642169815
3930,7.361429350791052,0.0006227754949495941,7.361429350791052,0.0109929972893967
3931,7.363429714493543,0.000647180697455101,7.363429714493544,0.011026731910159399
3932,7.365430078196035,0.0006743580492873981,7.365430078196035,0.011079220808384268
3933,7.367430441898526,0.0007047138932361702,7.367430441898526,0.011151075845265222
3934,7.369430805601017,0.0007387372658404332,7.369430805601017,0.01124307337258679
3935,7.371431169303509,0.0007770214291161778,7.371431169303509,0.011356166103620734
3936,7.373431533006001,0.0008202923505885316,7.373431533006,0.01149149822479059
3937,7.375431896708492,0.0008694468388214161,7.375431896708492,0.011650424147227782
3938,7.377432260410983,0.0009256042928181219,7.377432260410983,0.01183453140842504
3939,7.379432624113474,0.000990177952141049,7.379432624113475,0.012045668365078671
3940,7.381432987815967,0.001064974565893346,7.381432987815966,0.012285977474460207
3941,7.383433351518458,0.001152336266607108,7.383433351518458,0.012557935150056761
3942,7.385433715220949,0.0012553464378849328,7.385433715220949,0.012864399406010744
3943,7.38743407892344,0.001378134865000839,7.38743407892344,0.01320866678419852
3944,7.389434442625931,0.0015263408903507798,7.389434442625931,0.013594540399894434
3945,7.391434806328422,0.0017078352738453964,7.391434806328423,0.014026411361782645
3946,7.393435170030915,0.0019338793547714287,7.393435170030914,0.014509356337307069
3947,7.395435533733406,0.0022210504671588685,7.395435533733406,0.015049254665686258
3948,7.397435897435897,0.0025945658974819794,7.397435897435897,0.015652929191457478
3949,7.399436261138388,0.0030942808298895295,7.399436261138389,0.016328315925374117
3950,7.401436624840879,0.003786077477138991,7.40143662484088,0.017084668758653054
3951,7.403436988543372,0.004784799454344111,7.403436988543372,0.017932806773653713
3952,7.405437352245863,0.006303626583766776,7.405437352245863,0.018885413199177786
3953,7.407437715948354,0.008768342398613634,7.407437715948354,0.019957396694954457
3954,7.409438079650845,0.013099069742880162,7.409438079650845,0.021166327269137006
3955,7.411438443353336,0.02139413424971641,7.411438443353337,0.022532960416004576
3956,7.413438807055829,0.03777875944481459,7.413438807055828,0.024081863379997376
3957,7.41543917075832,0.06035192084854239,7.41543917075832,0.025842155627704262
3958,7.417439534460811,0.05677181011706934,7.417439534460811,0.027848369498565177
3959,7.419439898163302,0.03411067057424772,7.4194398981633025,0.03014142280659616
3960,7.421440261865793,0.01995167335074443,7.4214402618657935,0.032769666277954024
3961,7.423440625568284,0.012989539373336195,7.423440625568285,0.0357899139299306
3962,7.4254409892707764,0.00947168366178906,7.4254409892707764,0.03926826536291326
3963,7.4274413529732675,0.007631144869314902,7.4274413529732675,0.043280356299389054
3964,7.4294417166757585,0.00670563536215406,7.4294417166757585,0.04791038468929925
3965,7.4314420803782495,0.006360154313506013,7.43144208037825,0.053247799256945394
3966,7.4334424440807405,0.00645871346320783,7.433442444080741,0.05937985597740523
3967,7.435442807783233,0.006980388186300618,7.435442807783233,0.06637736233416051
3968,7.437443171485724,0.00800064116162439,7.437443171485724,0.07427007620570321
3969,7.439443535188215,0.009718987810843066,7.439443535188216,0.08300817273132508
3970,7.441443898890707,0.012551727080599208,7.441443898890707,0.09240867560035529
3971,7.443444262593198,0.017365229352107426,7.443444262593199,0.10209360924635949
3972,7.445444626295689,0.026062601043093075,7.44544462629569,0.11144223077919432
3973,7.447444989998181,0.043003604770259836,7.447444989998181,0.11959949953800551
3974,7.449445353700673,0.07656489986844195,7.449445353700672,0.12558941100687193
3975,7.451445717403164,0.12083148981846521,7.451445717403164,0.1285460703671056
3976,7.453446081105655,0.1097675993694079,7.453446081105655,0.12799085991839912
3977,7.455446444808146,0.06440019722105143,7.455446444808147,0.12401089044615056
3978,7.457446808510639,0.03670581484778674,7.457446808510638,0.11722526394424361
3979,7.45944717221313,0.022891322794067505,7.459447172213129,0.1085615837056165
3980,7.461447535915621,0.015643386726687178,7.461447535915621,0.09897933652068774
3981,7.463447899618112,0.011547434481595108,7.463447899618112,0.0892705839376301
3982,7.465448263320603,0.009105077033453948,7.465448263320604,0.07998165512145763
3983,7.467448627023094,0.007621751503863828,7.467448627023094,0.07142662057390554
3984,7.469448990725587,0.006760843724754132,7.469448990725586,0.06374275277038811
3985,7.471449354428078,0.0063654590942889494,7.471449354428077,0.056951400475349793
3986,7.473449718130569,0.006389393720598226,7.473449718130569,0.051007326263286856
3987,7.47545008183306,0.006883426843917978,7.47545008183306,0.045832820201309736
3988,7.477450445535551,0.008029435657238983,7.477450445535552,0.041338843257621466
3989,7.479450809238044,0.010254680812588431,7.479450809238043,0.03743693422037219
3990,7.481451172940535,0.014534565793996548,7.481451172940535,0.034045195352637704
3991,7.483451536643026,0.02312738029667981,7.483451536643026,0.03109076117811432
3992,7.485451900345517,0.04026692482814509,7.4854519003455176,0.02851031911612975
3993,7.487452264048008,0.06183457198173896,7.487452264048008,0.026249637722988033
3994,7.489452627750499,0.054396722317854244,7.4894526277505,0.024262654565953213
3995,7.4914529914529915,0.03177992425929422,7.491452991452991,0.022510426455029486
3996,7.4934533551554825,0.01827810820875389,7.4934533551554825,0.020960097656995903
3997,7.4954537188579735,0.011486158902912956,7.4954537188579735,0.01958395817788422
3998,7.4974540825604645,0.007850831619963129,7.497454082560465,0.018358618609838763
3999,7.4994544462629555,0.0057286471089151025,7.499454446262956,0.017264304409640878
4000,7.501454809965448,0.004392667136879341,7.501454809965448,0.016284261201986592
4001,7.503455173667939,0.003498674793069765,7.503455173667939,0.015404258160900491
4002,7.50545553737043,0.0028703821533188783,7.505455537370431,0.014612175501185739
4003,7.507455901072921,0.0024109323582994957,7.507455901072921,0.013897662807828892
4004,7.509456264775412,0.002063828738694872,7.509456264775413,0.013251856361897053
4005,7.511456628477904,0.0017944098828706642,7.511456628477904,0.01266714526934096
4006,7.513456992180396,0.001580481115172345,7.513456992180396,0.0121369778068469
4007,7.515457355882887,0.0014073019241731119,7.515457355882887,0.011655700851605097
4008,7.517457719585379,0.0012647696740811355,7.517457719585379,0.01121842652008145
4009,7.51945808328787,0.0011457686505810113,7.51945808328787,0.010820921203410801
4010,7.521458446990361,0.0010451656870872795,7.521458446990362,0.010459513070185117
4011,7.523458810692853,0.0009591789119577016,7.523458810692853,0.010131014834302857
4012,7.525459174395345,0.0008849694093494056,7.525459174395345,0.009832659180225417
4013,7.527459538097836,0.0008203702195145165,7.527459538097835,0.009562044723000948
4014,7.529459901800327,0.0007637023137583132,7.529459901800327,0.00931709077552807
4015,7.531460265502818,0.0007136470250123356,7.531460265502818,0.009095999517657776
4016,7.533460629205309,0.0006691559489796729,7.53346062920531,0.008897224424916436
4017,7.535460992907802,0.0006293862221357113,7.535460992907801,0.0087194440305281
4018,7.537461356610293,0.0005936533048214368,7.537461356610293,0.008561540272508016
4019,7.539461720312784,0.000561396043945865,7.539461720312784,0.00842258082570868
4020,7.541462084015275,0.0005321504834382181,7.541462084015276,0.008301804943184669
4021,7.543462447717766,0.0005055299954488903,7.543462447717767,0.008198612437399123
4022,7.545462811420259,0.0004812100388758644,7.545462811420259,0.008112555524008632
4023,7.54746317512275,0.00045891634684071524,7.547463175122749,0.008043333333003971
4024,7.549463538825241,0.00043841568388600674,7.549463538825241,0.007990788967111896
4025,7.551463902527732,0.0004195085492835946,7.551463902527732,0.007954909058553655
4026,7.553464266230223,0.00040202336867958035,7.553464266230224,0.007935825845286161
4027,7.555464629932714,0.0003858118344526194,7.555464629932715,0.007933821859483246
4028,7.5574649936352065,0.00037074514030150784,7.5574649936352065,0.007949337397086025
4029,7.5594653573376975,0.000356710917587275,7.5594653573376975,0.007982981020845591
4030,7.5614657210401885,0.0003436107265723814,7.561465721040189,0.00803554344384713
4031,7.56346608474268,0.000331357989576861,7.5634660847426805,0.00810801525002988
4032,7.565466448445171,0.0003198762784532898,7.565466448445172,0.008201609037398059
4033,7.567466812147663,0.0003090978879609316,7.5674668121476625,0.008317786724045826
4034,7.569467175850154,0.0002989626412253811,7.569467175850154,0.008458292943491734
4035,7.571467539552645,0.00028941688467761623,7.571467539552645,0.008625195682105609
4036,7.573467903255136,0.0002804126385283394,7.573467903255137,0.008820935587017324
4037,7.575468266957627,0.00027190687557268985,7.575468266957628,0.009048385708612314
4038,7.577468630660118,0.0002638609063983133,7.577468630660119,0.009310923849459182
4039,7.579468994362611,0.00025623985322814874,7.579468994362611,0.00961252018335989
4040,7.581469358065102,0.0002490121979250428,7.581469358065102,0.009957843394452597
4041,7.583469721767593,0.0002421493923117458,7.583469721767594,0.010352389271311093
4042,7.585470085470084,0.00023562552106448447,7.585470085470084,0.010802636465534367
4043,7.587470449172576,0.00022941700913281347,7.587470449172576,0.011316234951330302
4044,7.589470812875068,0.0002235023670099778,7.589470812875067,0.011902233511408107
4045,7.591471176577559,0.00021786196829297363,7.591471176577559,0.012571353135471315
4046,7.59347154028005,0.00021247785488194765,7.59347154028005,0.013336313182244847
4047,7.595471903982542,0.0002073335659155097,7.595471903982542,0.014212215839200112
4048,7.597472267685033,0.00020241398715337662,7.597472267685033,0.015216990578819915
4049,7.599472631387524,0.00019770521802633332,7.599472631387525,0.016371891773521004
4050,7.601472995090017,0.00019319445399546676,7.601472995090016,0.01770202562270956
4051,7.603473358792508,0.00018886988221417176,7.603473358792508,0.019236850707319106
4052,7.605473722494999,0.0001847205887801943,7.605473722494998,0.021010539435325114
4053,7.60747408619749,0.0001807364761115477,7.60747408619749,0.023061989211274267
4054,7.609474449899981,0.00017690818918740392,7.609474449899981,0.025434109165817325
4055,7.611474813602474,0.00017322704957019552,7.611474813602473,0.028171752526273075
4056,7.613475177304965,0.00016968499627338185,7.613475177304964,0.03131729552317082
4057,7.615475541007456,0.00016627453266515382,7.615475541007456,0.034902406991311016
4058,7.617475904709947,0.00016298867870563993,7.617475904709947,0.03893417459722193
4059,7.619476268412438,0.00015982092790661428,7.619476268412439,0.043373936406179245
4060,7.621476632114929,0.00015676520848113964,7.62147663211493,0.04810892546789712
4061,7.6234769958174216,0.00015381584821783006,7.6234769958174216,0.05292166224749742
4062,7.625477359519913,0.00015096754267232885,7.625477359519912,0.05747072071156865
4063,7.627477723222404,0.00014821532631848638,7.627477723222404,0.06130589170947097
4064,7.629478086924895,0.00014555454634497612,7.629478086924895,0.06394012027891424
4065,7.631478450627386,0.00014298083882042308,7.6314784506273865,0.06497596921644784
4066,7.633478814329878,0.00014049010698265551,7.6334788143298775,0.06423928698718888
4067,7.635479178032369,0.00013807850143596597,7.635479178032369,0.0618454032639819
4068,7.63747954173486,0.00013574240206489074,7.63747954173486,0.05815477229825574
4069,7.6394799054373514,0.000133478401494632,7.639479905437352,0.05364731606254718
4070,7.6414802691398425,0.00013128328994704724,7.641480269139843,0.04878898818467829
4071,7.6434806328423335,0.00012915404135772066,7.643480632842335,0.043946861760717174
4072,7.645480996544826,0.0001270878006341593,7.645480996544825,0.03936351312536287
4073,7.647481360247317,0.0001250818719479729,7.647481360247317,0.03517117491746988
4074,7.649481723949808,0.00012313370796515643,7.649481723949808,0.03142143458825886
4075,7.651482087652299,0.00012124089992862165,7.6514820876523,0.02811470644666486
4076,7.65348245135479,0.00011940116851589596,7.653482451354791,0.025223021945616073
4077,7.655482815057283,0.00011761235540276024,7.655482815057283,0.022705323272115354
4078,7.657483178759774,0.00011587241547053739,7.657483178759774,0.020516718503269547
4079,7.659483542462265,0.00011417940960089004,7.659483542462266,0.018613565282806947
4080,7.661483906164756,0.00011253149800752649,7.661483906164757,0.01695593465410024
4081,7.663484269867248,0.00011092693405906645,7.663484269867249,0.015508545305668385
4082,7.665484633569739,0.00010936405855172012,7.665484633569739,0.014240865978810592
4083,7.667484997272231,0.0001078412943943341,7.667484997272231,0.013126805227545515
4084,7.669485360974722,0.00010635714167186818,7.669485360974722,0.012144227641869768
4085,7.671485724677214,0.00010491017305648071,7.671485724677214,0.011274425823319771
4086,7.673486088379705,0.00010349902953825787,7.673486088379705,0.010501613231710602
4087,7.675486452082196,0.00010212241645011275,7.675486452082197,0.009812466919267961
4088,7.677486815784689,0.00010077909976368142,7.677486815784688,0.009195729684290097
4089,7.67948717948718,9.946790263509376e-05,7.67948717948718,0.008641871242409211
4090,7.681487543189671,9.81877021813279e-05,7.681487543189671,0.00814280341310254
4091,7.683487906892162,9.693742646956235e-05,7.683487906892163,0.007691642599615428
4092,7.685488270594653,9.571605170341626e-05,7.685488270594653,0.007282512605818179
4093,7.687488634297144,9.452259959135468e-05,7.687488634297145,0.006910381306384902
4094,7.689488997999637,9.335613488376761e-05,7.689488997999636,0.006570925446159749
4095,7.691489361702128,9.221576306635997e-05,7.691489361702128,0.006260418671487956
4096,7.693489725404619,9.110062819849091e-05,7.693489725404619,0.005975638683881894
4097,7.69549008910711,9.000991088605822e-05,7.69549008910711,0.00571379010886714
4098,7.697490452809601,8.894282637933388e-05,7.6974904528096015,0.005472440276576079
4099,7.699490816512093,8.789862278694257e-05,7.6994908165120926,0.00524946561784693
4100,7.7014911802145845,8.687657939787183e-05,7.7014911802145845,0.005043006799635806
4101,7.7034915439170755,8.587600510402524e-05,7.7034915439170755,0.004851431068270484
4102,7.7054919076195665,8.489623691643869e-05,7.7054919076195665,0.004673300550357778
4103,7.7074922713220575,8.393663856878391e-05,7.7074922713220575,0.004507345489926779
4104,7.7094926350245485,8.299659920228686e-05,7.709492635024549,0.0043524415861144064
4105,7.711492998727041,8.207553212662585e-05,7.71149299872704,0.004207590746419793
4106,7.713493362429532,8.117287365178922e-05,7.713493362429532,0.0040719046928919984
4107,7.715493726132023,8.028808198623025e-05,7.715493726132023,0.003944590958031395
4108,7.717494089834514,7.94206361970247e-05,7.717494089834515,0.0038249408880763553
4109,7.719494453537005,7.857003522802678e-05,7.719494453537006,0.003712319337299565
4110,7.721494817239498,7.773579697232266e-05,7.721494817239498,0.003606155790809005
4111,7.723495180941989,7.69174573955461e-05,7.723495180941989,0.0035059366974635785
4112,7.72549554464448,7.611456970685345e-05,7.72549554464448,0.003411198830713602
4113,7.727495908346971,7.532670357460226e-05,7.727495908346971,0.0033215235249678954
4114,7.729496272049462,7.455344438396428e-05,7.729496272049463,0.0032365316596583604
4115,7.731496635751953,7.37943925339079e-05,7.731496635751954,0.003155879283498136
4116,7.733496999454446,7.304916277115731e-05,7.733496999454446,0.0030792537882781182
4117,7.735497363156937,7.231738355890403e-05,7.735497363156937,0.0030063705555592206
4118,7.737497726859428,7.159869647818467e-05,7.737497726859429,0.002936970011293256
4119,7.73949809056192,7.089275565999928e-05,7.73949809056192,0.0028708150331672013
4120,7.741498454264411,7.019922724635343e-05,7.741498454264412,0.0028076886636403528
4121,7.743498817966903,6.951778887853841e-05,7.743498817966903,0.002747392088514558
4122,7.745499181669394,6.884812921107446e-05,7.745499181669394,0.002689742846659491
4123,7.747499545371886,6.818994744983442e-05,7.747499545371885,0.0026345732413992438
4124,7.749499909074377,6.754295291297894e-05,7.749499909074377,0.002581728928196018
4125,7.751500272776868,6.690686461340428e-05,7.751500272776868,0.0025310676567726624
4126,7.753500636479359,6.628141086149725e-05,7.75350063647936,0.0024824581487931747
4127,7.755501000181852,6.566632888706402e-05,7.755501000181851,0.002435779094760417
4128,7.757501363884343,6.506136447937452e-05,7.757501363884343,0.002390918255956547
4129,7.759501727586834,6.446627164431989e-05,7.759501727586834,0.0023477716591085796
4130,7.761502091289325,6.388081227775931e-05,7.7615020912893256,0.0023062428730513556
4131,7.763502454991816,6.330475585417233e-05,7.763502454991817,0.0022662423580293496
4132,7.7655028186943085,6.273787912979669e-05,7.765502818694308,0.002227686879455357
4133,7.7675031823967995,6.217996585948018e-05,7.767503182396799,0.002190498978961941
4134,7.7695035460992905,6.163080652651394e-05,7.7695035460992905,0.002154606496459235
4135,7.7715039098017815,6.109019808477208e-05,7.7715039098017815,0.002119942137675366
4136,7.7735042735042725,6.055794371250866e-05,7.773504273504273,0.0020864430823155098
4137,7.7755046372067635,6.00338525772093e-05,7.775504637206764,0.002054050628551369
4138,7.777505000909256,5.951773961092736e-05,7.777505000909256,0.0020227098700523875
4139,7.779505364611747,5.9009425295569965e-05,7.779505364611747,0.0019923694022078685
4140,7.781505728314238,5.8508735457622716e-05,7.781505728314239,0.001962981054569976
4141,7.783506092016729,5.8015501071844016e-05,7.78350609201673,0.0019344996468828965
4142,7.78550645571922,5.752955807347345e-05,7.785506455719221,0.0019068827663556746
4143,7.787506819421713,5.705074717853213e-05,7.787506819421712,0.0018800905640947024
4144,7.789507183124204,5.657891371181632e-05,7.789507183124204,0.001854085568837525
4145,7.791507546826695,5.61139074422006e-05,7.791507546826695,0.0018288325163301393
4146,7.793507910529186,5.5655582424901054e-05,7.793507910529187,0.0018042981928653044
4147,7.795508274231677,5.520379685035509e-05,7.795508274231678,0.0017804512916558828
4148,7.797508637934168,5.4758412899401234e-05,7.79750863793417,0.0017572622808542564
4149,7.799509001636661,5.431929660445652e-05,7.799509001636661,0.0017347032821517219
4150,7.801509365339152,5.388631771640775e-05,7.801509365339153,0.0017127479589994343
4151,7.803509729041643,5.345934957694176e-05,7.803509729041644,0.001691371413589491
4152,7.805510092744134,5.303826899606545e-05,7.805510092744135,0.001670550091819753
4153,7.807510456446625,5.2622956134568396e-05,7.807510456446626,0.0016502616955430538
4154,7.809510820149118,5.2213294391200324e-05,7.809510820149118,0.0016304851014689128
4155,7.811511183851609,5.180917029434741e-05,7.811511183851609,0.001611200286147355
4156,7.8135115475541,5.141047339799668e-05,7.8135115475541,0.0015923882565182666
4157,7.815511911256592,5.101709618179932e-05,7.815511911256592,0.0015740309855589581
4158,7.817512274959083,5.062893395504244e-05,7.817512274959083,0.001556111352605986
4159,7.819512638661574,5.024588476435556e-05,7.819512638661575,0.0015386130879664673
4160,7.821513002364066,4.98678493049839e-05,7.821513002364066,0.0015215207214696804
4161,7.823513366066558,4.949473083547162e-05,7.823513366066558,0.0015048195346409176
4162,7.825513729769049,4.912643509560011e-05,7.825513729769048,0.0014884955162086377
4163,7.82751409347154,4.876287022744375e-05,7.82751409347154,0.0014725353206811423
4164,7.829514457174031,4.840394669940293e-05,7.829514457174031,0.0014569262297527146
4165,7.8315148208765235,4.804957723308621e-05,7.831514820876523,0.0014416561163196357
4166,7.8335151845790145,4.7699676732920175e-05,7.833515184579014,0.0014267134109059005
4167,7.8355155482815055,4.735416221836562e-05,7.8355155482815055,0.001412087070315161
4168,7.8375159119839966,4.701295275863433e-05,7.8375159119839966,0.0013977665483414054
4169,7.839516275686488,4.6675969409796275e-05,7.8395162756864885,0.0013837417683845192
4170,7.841516639388979,4.634313515417786e-05,7.8415166393889795,0.0013700030978301134
4171,7.843517003091471,4.601437484195482e-05,7.843517003091471,0.0013565413240641735
4172,7.845517366793962,4.56896151348493e-05,7.8455173667939615,0.001343347632004082
4173,7.847517730496453,4.536878445184047e-05,7.847517730496453,0.0013304135830367533
4174,7.849518094198944,4.50518129168104e-05,7.849518094198944,0.0013177310952637877
4175,7.851518457901435,4.4738632308041935e-05,7.851518457901436,0.001305292424961131
4176,7.853518821603928,4.442917600949448e-05,7.853518821603927,0.0012930901491684018
4177,7.855519185306419,4.4123378963786605e-05,7.855519185306419,0.0012811171493293091
4178,7.85751954900891,4.3821177626813e-05,7.85751954900891,0.001269366595911045
4179,7.859519912711401,4.3522509923934953e-05,7.859519912711402,0.0012578319339357105
4180,7.861520276413892,4.322731520767803e-05,7.861520276413893,0.0012465068693623045
4181,7.863520640116383,4.293553421687836e-05,7.863520640116385,0.0012353853562620835
4182,7.865521003818876,4.264710903721999e-05,7.865521003818875,0.0012244615847347468
4183,7.867521367521367,4.236198306311008e-05,7.867521367521367,0.0012137299695164562
4184,7.869521731223858,4.2080100960835954e-05,7.869521731223858,0.0012031851392346477
4185,7.871522094926349,4.180140863295909e-05,7.87152209492635,0.001192821926267562
4186,7.87352245862884,4.15258531838945e-05,7.873522458628841,0.001182635357169785
4187,7.875522822331333,4.125338288663124e-05,7.875522822331333,0.0011726206436275667
4188,7.877523186033824,4.0983947150551346e-05,7.877523186033824,0.0011627731739105728
4189,7.879523549736315,4.0717496490302264e-05,7.879523549736316,0.0011530885047887907
4190,7.881523913438806,4.0453982495686974e-05,7.881523913438807,0.0011435623538857955
4191,7.883524277141297,4.019335780253041e-05,7.883524277141299,0.0011341905924413041
4192,7.885524640843789,3.993557606448687e-05,7.885524640843789,0.0011249692384580996
4193,7.887525004546281,3.9680591925752716e-05,7.887525004546281,0.0011158944502098348
4194,7.889525368248772,3.942836099465222e-05,7.889525368248772,0.0011069625200881077
4195,7.891525731951263,3.9178839818061126e-05,7.891525731951264,0.001098169868768377
4196,7.893526095653755,3.893198585664123e-05,7.893526095653755,0.0010895130396759364
4197,7.895526459356246,3.8687757460853315e-05,7.895526459356247,0.0010809886937341393
4198,7.897526823058738,3.844611384772112e-05,7.897526823058738,0.0010725936043785155
4199,7.89952718676123,3.8207015078320166e-05,7.89952718676123,0.0010643246528212285
4200,7.901527550463721,3.7970422035962456e-05,7.901527550463721,0.001056178823551585
4201,7.903527914166212,3.773629640505577e-05,7.9035279141662125,0.0010481532000589922
4202,7.905528277868703,3.75046006506109e-05,7.905528277868703,0.0010402449607658654
4203,7.907528641571194,3.7275297998374754e-05,7.9075286415711945,0.0010324513751585494
4204,7.909529005273686,3.704835241556697e-05,7.9095290052736855,0.0010247698001053073
4205,7.911529368976177,3.68237285921998e-05,7.911529368976177,0.0010171976763508838
4206,7.913529732678668,3.660139192295834e-05,7.913529732678668,0.001009732525178028
4207,7.9155300963811595,3.638130848962501e-05,7.91553009638116,0.0010023719452267445
4208,7.9175304600836505,3.616344504402678e-05,7.917530460083651,0.0009951136094628122
4209,7.919530823786143,3.5947768991488115e-05,7.919530823786143,0.0009879552622874212
4210,7.921531187488634,3.573424837477298e-05,7.921531187488634,0.0009808947167804839
4211,7.923531551191125,3.552285185849678e-05,7.923531551191126,0.0009739298520704065
4212,7.925531914893616,3.531354871399556e-05,7.925531914893616,0.000967058610823757
4213,7.927532278596107,3.510630880463448e-05,7.927532278596108,0.0009602789968484403
4214,7.929532642298598,3.490110257154176e-05,7.929532642298599,0.0009535890728045767
4215,7.931533006001091,3.469790101975359e-05,7.93153300600109,0.0009469869580174199
4216,7.933533369703582,3.449667570475706e-05,7.933533369703582,0.0009404708263871535
4217,7.935533733406073,3.429739871941574e-05,7.935533733406073,0.0009340389043905972
4218,7.937534097108564,3.410004268126819e-05,7.937534097108565,0.0009276894691701377
4219,7.939534460811055,3.390458072018495e-05,7.939534460811056,0.0009214208467055716
4220,7.941534824513548,3.3710986466372923e-05,7.941534824513548,0.0009152314100646273
4221,7.943535188216039,3.351923403871656e-05,7.943535188216038,0.0009091195777283545
4222,7.94553555191853,3.3329298033442806e-05,7.94553555191853,0.0009030838119875955
4223,7.947535915621021,3.31411535131022e-05,7.947535915621021,0.0008971226174071505
4224,7.949536279323512,3.2954775995853624e-05,7.949536279323513,0.0008912345393542536
4225,7.951536643026003,3.2770141445044194e-05,7.951536643026004,0.0008854181625883363
4226,7.953537006728496,3.2587226259074164e-05,7.953537006728496,0.0008796721099090495
4227,7.955537370430987,3.2406007261539e-05,7.955537370430987,0.000873995040859851
4228,7.957537734133478,3.222646169163748e-05,7.957537734133479,0.0008683856504844358
4229,7.959538097835969,3.204856719484049e-05,7.95953809783597,0.0008628426681336067
4230,7.961538461538461,3.1872301813809956e-05,7.961538461538462,0.0008573648563201389
4231,7.963538825240953,3.1697643979561115e-05,7.963538825240952,0.0008519510096194907
4232,7.965539188943444,3.152457250286103e-05,7.965539188943444,0.0008465999536141529
4233,7.967539552645935,3.135306656585402e-05,7.967539552645935,0.0008413105438797228
4234,7.969539916348427,3.118310571390987e-05,7.969539916348427,0.0008360816650107101
4235,7.971540280050918,3.1014669847685754e-05,7.971540280050918,0.0008309122296843534
4236,7.973540643753409,3.084773921539629e-05,7.9735406437534095,0.0008258011777606559
4237,7.975541007455901,3.068229440528513e-05,7.9755410074559006,0.0008207474754170944
4238,7.9775413711583925,3.051831633829266e-05,7.9775413711583925,0.000815750114316378
4239,7.9795417348608835,3.035578626091202e-05,7.9795417348608835,0.0008108081108058733
4240,7.9815420985633745,3.019468573823045e-05,7.981542098563375,0.000805920505147223
4241,7.9835424622658655,3.003499664714825e-05,7.9835424622658655,0.0008010863607749148
4242,7.985542825968358,2.9876701169771018e-05,7.985542825968357,0.000796304763582466
4243,7.987543189670849,2.9719781786970357e-05,7.987543189670848,0.0007915748212351042
4244,7.98954355337334,2.9564221272106432e-05,7.98954355337334,0.0007868956625077326
4245,7.991543917075831,2.941000268490994e-05,7.991543917075831,0.0007822664366471726
4246,7.993544280778322,2.9257109365517085e-05,7.993544280778323,0.0007776863127575799
4247,7.995544644480815,2.9105524928653618e-05,7.995544644480814,0.0007731544792081268
4248,7.997545008183306,2.8955233257964237e-05,7.997545008183306,0.0007686701430619485
4249,7.999545371885797,2.8806218500481436e-05,7.999545371885797,0.000764232529525532
4250,8.001545735588287,2.8658465061232e-05,8.001545735588289,0.0007598408814176314
4251,8.00354609929078,2.8511957597975516e-05,8.00354609929078,0.0007554944586569747
4252,8.005546462993271,2.8366681016071917e-05,8.005546462993271,0.0007511925377679206
4253,8.007546826695762,2.8222620463473902e-05,8.007546826695762,0.0007469344114034018
4254,8.009547190398253,2.8079761325841654e-05,8.009547190398255,0.0007427193878843869
4255,8.011547554100746,2.793808922177451e-05,8.011547554100746,0.0007385467907552613
4256,8.013547917803237,2.7797589998158644e-05,8.013547917803237,0.0007344159583544215
4257,8.015548281505728,2.765824972562579e-05,8.015548281505728,0.0007303262433995446
4258,8.01754864520822,2.752005469412046e-05,8.017548645208219,0.0007262770125868799
4259,8.019549008910712,2.7382991408573194e-05,8.01954900891071,0.0007222676462040836
4260,8.021549372613203,2.7247046584675304e-05,8.021549372613203,0.0007182975377559913
4261,8.023549736315694,2.7112207144754448e-05,8.023549736315694,0.000714366093602894
4262,8.025550100018185,2.69784602137466e-05,8.025550100018185,0.0007104727326107678
4263,8.027550463720676,2.6845793115262536e-05,8.027550463720676,0.0007066168858130561
4264,8.029550827423169,2.6714193367745937e-05,8.029550827423169,0.0007027979960835029
4265,8.03155119112566,2.658364868072129e-05,8.03155119112566,0.0006990155178196745
4266,8.03355155482815,2.645414695112763e-05,8.033551554828149,0.0006952689166367048
4267,8.035551918530642,2.632567625973781e-05,8.035551918530642,0.0006915576690709261
4268,8.037552282233133,2.6198224867659533e-05,8.037552282233133,0.0006878812622929935
4269,8.039552645935625,2.6071781212916386e-05,8.039552645935625,0.0006842391938301404
4270,8.041553009638116,2.5946333907107312e-05,8.041553009638115,0.0006806309712972451
4271,8.043553373340607,2.5821871732140942e-05,8.043553373340607,0.0006770561121363564
4272,8.045553737043099,2.5698383637044763e-05,8.045553737043099,0.0006735141433644135
4273,8.04755410074559,2.5575858734845628e-05,8.04755410074559,0.0006700046013288041
4274,8.04955446444808,2.545428629952043e-05,8.04955446444808,0.000666527031470499
4275,8.051554828150573,2.5333655763014846e-05,8.051554828150573,0.0006630809880945229
4276,8.053555191853064,2.5213956712328924e-05,8.053555191853064,0.0006596660341474324
4277,8.055555555555555,2.509517888666641e-05,8.055555555555554,0.0006562817410016041
4278,8.057555919258046,2.4977312174648058e-05,8.057555919258046,0.0006529276882460485
4279,8.059556282960537,2.4860346611585783e-05,8.059556282960537,0.0006496034634835728
4280,8.06155664666303,2.4744272376816677e-05,8.06155664666303,0.000646308662134003
4281,8.063557010365521,2.4629079791095688e-05,8.06355701036552,0.0006430428872433022
4282,8.065557374068012,2.4514759314044274e-05,8.065557374068012,0.0006398057492983445
4283,8.067557737770503,2.4401301541655214e-05,8.067557737770503,0.0006365968660471947
4284,8.069558101472994,2.4288697203850946e-05,8.069558101472996,0.0006334158623246426
4285,8.071558465175485,2.4176937162094605e-05,8.071558465175485,0.0006302623698828611
4286,8.073558828877978,2.4066012407052205e-05,8.073558828877976,0.0006271360272269749
4287,8.075559192580469,2.3955914056305235e-05,8.075559192580469,0.0006240364794554212
4288,8.07755955628296,2.384663335211117e-05,8.07755955628296,0.0006209633781048794
4289,8.079559919985451,2.3738161659212284e-05,8.079559919985451,0.0006179163809996649
4290,8.081560283687942,2.3630490462690483e-05,8.081560283687942,0.0006148951521053994
4291,8.083560647390435,2.3523611365867248e-05,8.083560647390435,0.0006118993613868635
4292,8.085561011092926,2.3417516088248136e-05,8.085561011092926,0.0006089286846698334
4293,8.087561374795417,2.3312196463509455e-05,8.087561374795417,0.0006059828035068159
4294,8.089561738497908,2.320764443752774e-05,8.089561738497908,0.0006030614050465207
4295,8.091562102200399,2.3103852066449707e-05,8.0915621022004,0.0006001641819069898
4296,8.09356246590289,2.30008115148023e-05,8.093562465902892,0.000597290832052211
4297,8.095562829605383,2.2898515053641596e-05,8.095562829605381,0.0005944410586721464
4298,8.097563193307874,2.2796955058740165e-05,8.097563193307874,0.0005916145700660324
4299,8.099563557010365,2.269612400881079e-05,8.099563557010365,0.0005888110795288882
4300,8.101563920712856,2.259601448376716e-05,8.101563920712858,0.0005860303052410789
4301,8.103564284415347,2.2496619163019632e-05,8.103564284415347,0.000583271970160876
4302,8.10556464811784,2.2397930823805457e-05,8.10556464811784,0.0005805358019198902
4303,8.10756501182033,2.2299942339553165e-05,8.10756501182033,0.0005778215327213272
4304,8.109565375522822,2.2202646678279094e-05,8.109565375522823,0.000575128899240925
4305,8.111565739225313,2.2106036901016807e-05,8.111565739225313,0.0005724576425305323
4306,8.113566102927804,2.201010616027758e-05,8.113566102927804,0.0005698075079242123
4307,8.115566466630295,2.1914847698541598e-05,8.115566466630296,0.0005671782449468368
4308,8.117566830332787,2.1820254846779047e-05,8.117566830332787,0.0005645696072250412
4309,8.119567194035278,2.17263210230008e-05,8.119567194035278,0.0005619813524005101
4310,8.12156755773777,2.163303973083701e-05,8.12156755773777,0.0005594132420454902
4311,8.12356792144026,2.1540404558144296e-05,8.123567921440262,0.0005568650415805046
4312,8.125568285142752,2.14484091756399e-05,8.125568285142753,0.0005543365201941506
4313,8.127568648845244,2.1357047335562464e-05,8.127568648845244,0.000551827450764958
4314,8.129569012547735,2.1266312870359235e-05,8.129569012547735,0.0005493376097852182
4315,8.131569376250226,2.117619969139803e-05,8.131569376250228,0.0005468667772867616
4316,8.133569739952717,2.108670178770474e-05,8.13356973995272,0.0005444147367685787
4317,8.135570103655208,2.0997813224724888e-05,8.135570103655208,0.000541981275126268
4318,8.1375704673577,2.0909528143108937e-05,8.137570467357701,0.0005395661825832298
4319,8.139570831060192,2.082184075752083e-05,8.139570831060192,0.0005371692526235888
4320,8.141571194762683,2.073474535546957e-05,8.141571194762685,0.0005347902819267526
4321,8.143571558465174,2.064823629616234e-05,8.143571558465174,0.000532429070303592
4322,8.145571922167665,2.0562308009380016e-05,8.145571922167667,0.000530085420634171
4323,8.147572285870156,2.0476954994373574e-05,8.147572285870158,0.0005277591388070169
4324,8.149572649572649,2.0392171818781303e-05,8.14957264957265,0.0005254500336598408
4325,8.15157301327514,2.0307953117566612e-05,8.15157301327514,0.0005231579169217047
4326,8.153573376977631,2.0224293591975074e-05,8.153573376977631,0.0005208826031565648
4327,8.155573740680124,2.0141188008511587e-05,8.155573740680124,0.0005186239097081897
4328,8.157574104382615,2.005863119793614e-05,8.157574104382615,0.0005163816566463687
4329,8.159574468085106,1.9976618054278336e-05,8.159574468085106,0.0005141556667144103
4330,8.161574831787597,1.9895143533869975e-05,8.161574831787597,0.000511945765277869
4331,8.16357519549009,1.9814202654395798e-05,8.16357519549009,0.0005097517802744984
4332,8.16557555919258,1.973379049396098e-05,8.165575559192579,0.000507573542165358
4333,8.167575922895072,1.9653902190176346e-05,8.167575922895072,0.0005054108838870611
4334,8.169576286597563,1.95745329392599e-05,8.169576286597563,0.0005032636408051494
4335,8.171576650300056,1.9495677995154748e-05,8.171576650300056,0.0005011316506685255
4336,8.173577014002547,1.9417332668663217e-05,8.173577014002545,0.000499014753564947
4337,8.175577377705038,1.933949232659609e-05,8.175577377705036,0.0004969127918775278
4338,8.177577741407529,1.9262152390937715e-05,8.177577741407529,0.0004948256102422544
4339,8.17957810511002,1.9185308338025787e-05,8.17957810511002,0.0004927530555064452
4340,8.18157846881251,1.9108955697745904e-05,8.18157846881251,0.0004906949766881652
4341,8.183578832515003,1.9033090052740396e-05,8.183578832515002,0.0004886512249365409
4342,8.185579196217494,1.8957707037631525e-05,8.185579196217494,0.000486621653492987
4343,8.187579559919985,1.888280233825787e-05,8.187579559919985,0.0004846061176532804
4344,8.189579923622476,1.8808371690924814e-05,8.189579923622476,0.000482604474730489
4345,8.191580287324967,1.8734410881667876e-05,8.191580287324967,0.00048061658401871203
4346,8.19358065102746,1.866091574552907e-05,8.193580651027458,0.00047864230675763865
4347,8.195581014729951,1.8587882165846157e-05,8.195581014729951,0.00047668150609786735
4348,8.197581378432442,1.8515306073553765e-05,8.19758137843244,0.00047473404706699655
4349,8.199581742134933,1.844318344649723e-05,8.199581742134933,0.00047279979653644204
4350,8.201582105837424,1.837151030875808e-05,8.201582105837424,0.00047087862318899443
4351,8.203582469539915,1.8300282729991208e-05,8.203582469539917,0.00046897039748705985
4352,8.205582833242408,1.822949682477346e-05,8.205582833242406,0.0004670749916415953
4353,8.2075831969449,1.8159148751963682e-05,8.2075831969449,0.0004651922795817
4354,8.20958356064739,1.8089234714073195e-05,8.20958356064739,0.0004633221369248739
4355,8.211583924349881,1.8019750956647592e-05,8.211583924349883,0.0004614644409478919
4356,8.213584288052372,1.795069376765877e-05,8.213584288052372,0.0004596190705583054
4357,8.215584651754865,1.7882059476907322e-05,8.215584651754863,0.00045778590626653555
4358,8.217585015457356,1.7813844455435314e-05,8.217585015457356,0.00045596483015857036
4359,8.219585379159847,1.774604511494847e-05,8.219585379159847,0.0004541557258692167
4360,8.221585742862338,1.7678657907248556e-05,8.221585742862338,0.0004523584785559201
4361,8.223586106564829,1.7611679323675133e-05,8.223586106564829,0.000450572974873119
4362,8.22558647026732,1.754510589455664e-05,8.225586470267322,0.0004487991029471461
4363,8.227586833969813,1.7478934188670595e-05,8.227586833969813,0.000447036752351631
4364,8.229587197672304,1.741316081271309e-05,8.229587197672304,0.0004452858140834178
4365,8.231587561374795,1.7347782410776537e-05,8.231587561374795,0.000443546180538965
4366,8.233587925077286,1.7282795663836583e-05,8.233587925077286,0.0004418177454912438
4367,8.235588288779777,1.721819728924726e-05,8.235588288779779,0.0004401004040670882
4368,8.23758865248227,1.7153984040244404e-05,8.237588652482268,0.00043839405272501277
4369,8.23958901618476,1.709015270545753e-05,8.23958901618476,0.00043669858923346867
4370,8.241589379887252,1.702670010842915e-05,8.241589379887252,0.00043501391264955135
4371,8.243589743589743,1.6963623107142466e-05,8.243589743589745,0.00043333992329811736
4372,8.245590107292234,1.6900918593556476e-05,8.245590107292234,0.00043167652275132837
4373,8.247590470994725,1.6838583493148706e-05,8.247590470994727,0.0004300236138085896
4374,8.249590834697218,1.6776614764465273e-05,8.249590834697218,0.0004283811004769022
4375,8.251591198399709,1.671500939867843e-05,8.25159119839971,0.00042674888795158586
4376,8.2535915621022,1.6653764419150813e-05,8.2535915621022,0.0004251268825973894
4377,8.25559192580469,1.6592876881007106e-05,8.25559192580469,0.0004235149919299612
4378,8.257592289507182,1.6532343870712335e-05,8.257592289507183,0.0004219131245976962
4379,8.259592653209674,1.6472162505656905e-05,8.259592653209674,0.00042032119036391883
4380,8.261593016912165,1.6412329933748475e-05,8.261593016912165,0.0004187391000894209
4381,8.263593380614656,1.635284333300983e-05,8.263593380614656,0.0004171667657153253
4382,8.265593744317147,1.6293699911183598e-05,8.26559374431715,0.0004156041002462953
4383,8.267594108019638,1.6234896905342965e-05,8.26759410801964,0.00041405101773404733
4384,8.26959447172213,1.6176431581508577e-05,8.269594471722131,0.0004125074332611899
4385,8.271594835424622,1.6118301234271387e-05,8.271594835424622,0.0004109732629253575
4386,8.273595199127113,1.6060503186421673e-05,8.273595199127113,0.0004094484238236617
4387,8.275595562829604,1.6003034788583356e-05,8.275595562829606,0.0004079328340374184
4388,8.277595926532095,1.5945893418854492e-05,8.277595926532095,0.0004064264126171727
4389,8.279596290234586,1.5889076482453102e-05,8.279596290234588,0.0004049290795679932
4390,8.281596653937079,1.5832581411368513e-05,8.281596653937079,0.0004034407558350568
4391,8.28359701763957,1.5776405664018283e-05,8.28359701763957,0.00040196136328948676
4392,8.285597381342061,1.572054672490997e-05,8.285597381342061,0.00040049082471445415
4393,8.287597745044552,1.5665002104308566e-05,8.287597745044554,0.0003990290637915471
4394,8.289598108747043,1.560976933790878e-05,8.289598108747045,0.0003975760050873783
4395,8.291598472449534,1.555484598651238e-05,8.291598472449534,0.00039613157404044396
4396,8.293598836152027,1.5500229635710428e-05,8.293598836152027,0.0003946956969482163
4397,8.295599199854518,1.544591789557051e-05,8.295599199854518,0.00039326830095448345
4398,8.297599563557009,1.5391908400328377e-05,8.29759956355701,0.0003918493140369055
4399,8.2995999272595,1.5338198808084556e-05,8.2995999272595,0.00039043866499480304
4400,8.301600290961993,1.5284786800505422e-05,8.301600290961993,0.0003890362834371582
4401,8.303600654664484,1.5231670082528724e-05,8.303600654664484,0.0003876420997708434
4402,8.305601018366975,1.517884638207373e-05,8.305601018366977,0.000386256045189048
4403,8.307601382069466,1.5126313449755335e-05,8.307601382069466,0.0003848780516599189
4404,8.309601745771959,1.5074069058602813e-05,8.309601745771959,0.00038350805191539393
4405,8.31160210947445,1.5022111003782564e-05,8.31160210947445,0.00038214597944024757
4406,8.31360247317694,1.4970437102325018e-05,8.31360247317694,0.00038079176846131564
4407,8.315602836879433,1.4919045192855559e-05,8.315602836879432,0.00037944535393691744
4408,8.317603200581924,1.4867933135329594e-05,8.317603200581923,0.0003781066715464555
4409,8.319603564284415,1.4817098810771164e-05,8.319603564284415,0.00037677565768020954
4410,8.321603927986907,1.4766540121015768e-05,8.321603927986907,0.00037545224942929587
4411,8.323604291689398,1.4716254988456764e-05,8.323604291689398,0.00037413638457580714
4412,8.32560465539189,1.4666241355795502e-05,8.325604655391889,0.00037282800158311647
4413,8.327605019094381,1.4616497185795264e-05,8.327605019094381,0.0003715270395863603
4414,8.329605382796872,1.4567020461038418e-05,8.329605382796872,0.0003702334383830722
4415,8.331605746499363,1.4517809183687485e-05,8.331605746499362,0.0003689471384239846
4416,8.333606110201854,1.4468861375249458e-05,8.333606110201854,0.00036766808080397986
4417,8.335606473904345,1.4420175076343577e-05,8.335606473904345,0.0003663962072532077
4418,8.337606837606838,1.4371748346472418e-05,8.337606837606838,0.00036513146012834036
4419,8.33960720130933,1.432357926379642e-05,8.339607201309327,0.0003638737824039836
4420,8.34160756501182,1.427566592491134e-05,8.34160756501182,0.00036262311766422403
4421,8.343607928714311,1.422800644462919e-05,8.343607928714311,0.00036137941009433165
4422,8.345608292416802,1.4180598955762161e-05,8.345608292416804,0.00036014260447258736
4423,8.347608656119295,1.4133441608909615e-05,8.347608656119293,0.00035891264616225594
4424,8.349609019821786,1.4086532572248262e-05,8.349609019821786,0.0003576894811036836
4425,8.351609383524277,1.4039870031324966e-05,8.351609383524277,0.00035647305580653924
4426,8.353609747226768,1.3993452188852837e-05,8.353609747226768,0.00035526331734217194
4427,8.355610110929259,1.394727726451001e-05,8.355610110929259,0.00035406021333610096
4428,8.35761047463175,1.3901343494741288e-05,8.35761047463175,0.00035286369196062213
4429,8.359610838334243,1.385564913256254e-05,8.359610838334243,0.0003516737019275471
4430,8.361611202036734,1.3810192447368007e-05,8.361611202036734,0.0003504901924810489
4431,8.363611565739225,1.376497172473994e-05,8.363611565739225,0.00034931311339063116
4432,8.365611929441716,1.3719985266261253e-05,8.365611929441716,0.00034814241494420423
4433,8.367612293144207,1.3675231389330589e-05,8.367612293144209,0.0003469780479412843
4434,8.3696126568467,1.3630708426979957e-05,8.3696126568467,0.00034581996368629144
4435,8.37161302054919,1.3586414727695066e-05,8.371613020549189,0.0003446681139819608
4436,8.373613384251682,1.3542348655237775e-05,8.373613384251682,0.000343522451122854
4437,8.375613747954173,1.3498508588471354e-05,8.375613747954173,0.00034238292788898387
4438,8.377614111656664,1.3454892921187951e-05,8.377614111656666,0.00034124949753953064
4439,8.379614475359155,1.3411500061938476e-05,8.379614475359155,0.00034012211380666325
4440,8.381614839061648,1.3368328433864748e-05,8.381614839061648,0.000339000730889453
4441,8.383615202764139,1.3325376474534117e-05,8.383615202764139,0.00033788530344789323
4442,8.38561556646663,1.328264263577601e-05,8.385615566466631,0.0003367757865970021
4443,8.38761593016912,1.3240125383521005e-05,8.38761593016912,0.00033567213590102456
4444,8.389616293871612,1.3197823197641918e-05,8.389616293871613,0.0003345743073677191
4445,8.391616657574104,1.3155734571797057e-05,8.391616657574104,0.00033348225744274216
4446,8.393617021276595,1.311385801327573e-05,8.393617021276595,0.00033239594300411157
4447,8.395617384979086,1.3072192042845516e-05,8.395617384979086,0.0003313153213567602
4448,8.397617748681578,1.3030735194601911e-05,8.397617748681578,0.00033024035022716827
4449,8.399618112384069,1.2989486015819795e-05,8.39961811238407,0.0003291709877580885
4450,8.40161847608656,1.2948443066806966e-05,8.40161847608656,0.0003281071925033425
4451,8.403618839789052,1.2907604920759538e-05,8.403618839789052,0.00032704892342269793
4452,8.405619203491543,1.2866970163619456e-05,8.405619203491543,0.00032599613987683126
4453,8.407619567194034,1.282653739393357e-05,8.407619567194036,0.00032494880162235853
4454,8.409619930896525,1.2786305222714886e-05,8.409619930896525,0.0003239068688069469
4455,8.411620294599016,1.2746272273305501e-05,8.411620294599016,0.0003228703019644937
4456,8.41362065830151,1.2706437181241326e-05,8.41362065830151,0.0003218390620103893
4457,8.415621022004,1.2666798594118765e-05,8.415621022004,0.00032081311023683976
4458,8.417621385706491,1.2627355171462808e-05,8.417621385706491,0.000319792408308267
4459,8.419621749408982,1.2588105584597174e-05,8.419621749408982,0.00031877691825677075
4460,8.421622113111473,1.2549048516515988e-05,8.421622113111475,0.0003177666024776685
4461,8.423622476813964,1.2510182661757157e-05,8.423622476813966,0.0003167614237250918
4462,8.425622840516457,1.2471506726277373e-05,8.425622840516457,0.0003157613451076536
4463,8.427623204218948,1.2433019427328869e-05,8.427623204218948,0.0003147663300841742
4464,8.429623567921439,1.2394719493337481e-05,8.42962356792144,0.00031377634245947905
4465,8.43162393162393,1.2356605663782587e-05,8.431623931623932,0.00031279134638024955
4466,8.433624295326421,1.2318676689078423e-05,8.433624295326421,0.00031181130633093984
4467,8.435624659028914,1.2280931330456946e-05,8.435624659028914,0.0003108361871297477
4468,8.437625022731405,1.2243368359852333e-05,8.437625022731405,0.0003098659539246541
4469,8.439625386433896,1.2205986559786668e-05,8.439625386433898,0.0003089005721895097
4470,8.441625750136387,1.216878472325738e-05,8.441625750136387,0.000307940007720185
4471,8.443626113838878,1.213176165362597e-05,8.44362611383888,0.00030698422663076954
4472,8.445626477541369,1.2094916164508183e-05,8.44562647754137,0.0003060331953498361
4473,8.447626841243862,1.205824707966553e-05,8.447626841243864,0.00030508688061674845
4474,8.449627204946353,1.2021753232898348e-05,8.449627204946353,0.0003041452494780279
4475,8.451627568648844,1.1985433467939919e-05,8.451627568648844,0.0003032082692837665
4476,8.453627932351337,1.194928663835218e-05,8.453627932351337,0.00030227590768410015
4477,8.455628296053828,1.1913311607422646e-05,8.455628296053828,0.0003013481326257229
4478,8.457628659756319,1.1877507248062601e-05,8.457628659756319,0.0003004249123484563
4479,8.45962902345881,1.1841872442706696e-05,8.45962902345881,0.0002995062153818614
4480,8.461629387161302,1.1806406083213546e-05,8.461629387161302,0.0002985920105419079
4481,8.463629750863793,1.177110707076783e-05,8.463629750863793,0.0002976822669276811
4482,8.465630114566284,1.1735974315783462e-05,8.465630114566284,0.0002967769539181401
4483,8.467630478268775,1.170100673780802e-05,8.467630478268775,0.00029587604116891657
4484,8.469630841971268,1.166620326542829e-05,8.469630841971268,0.0002949794986091664
4485,8.47163120567376,1.1631562836177153e-05,8.47163120567376,0.00029408729643845685
4486,8.47363156937625,1.1597084396441332e-05,8.473631569376249,0.0002931994051237019
4487,8.475631933078741,1.1562766901370537e-05,8.475631933078741,0.00029231579539613494
4488,8.477632296781232,1.1528609314787599e-05,8.477632296781232,0.0002914364382483316
4489,8.479632660483725,1.1494610609099726e-05,8.479632660483725,0.00029056130493126535
4490,8.481633024186216,1.1460769765210932e-05,8.481633024186214,0.0002896903669514085
4491,8.483633387888707,1.1427085772435308e-05,8.483633387888707,0.0002888235960678676
4492,8.485633751591198,1.1393557628411603e-05,8.485633751591198,0.000287960964289567
4493,8.48763411529369,1.136018433901871e-05,8.487634115293691,0.0002871024438724615
4494,8.48963447899618,1.1326964918292193e-05,8.48963447899618,0.0002862480073167927
4495,8.491634842698673,1.129389838834182e-05,8.491634842698671,0.0002853976273643773
4496,8.493635206401164,1.126098377927021e-05,8.493635206401164,0.00028455127699594004
4497,8.495635570103655,1.1228220129092199e-05,8.495635570103655,0.0002837089294284748
4498,8.497635933806146,1.1195606483655435e-05,8.497635933806146,0.0002828705581126457
4499,8.499636297508637,1.1163141896561813e-05,8.499636297508637,0.0002820361367302186
4500,8.50163666121113,1.113082542908982e-05,8.50163666121113,0.0002812056391915348
4501,8.50363702491362,1.109865615011798e-05,8.50363702491362,0.0002803790396330105
4502,8.505637388616112,1.106663313604891e-05,8.505637388616112,0.00027955631241467424
4503,8.507637752318603,1.1034755470734571e-05,8.507637752318603,0.0002787374321177325
4504,8.509638116021094,1.1003022245402268e-05,8.509638116021096,0.00027792237354217506
4505,8.511638479723585,1.0971432558581548e-05,8.511638479723587,0.0002771111117044048
4506,8.513638843426078,1.0939985516031944e-05,8.513638843426076,0.00027630362183490273
4507,8.515639207128569,1.0908680230671696e-05,8.515639207128569,0.0002754998793759195
4508,8.51763957083106,1.087751582250707e-05,8.51763957083106,0.0002746998599792046
4509,8.51963993453355,1.0846491418562746e-05,8.51963993453355,0.0002739035395037588
4510,8.521640298236042,1.0815606152812897e-05,8.521640298236042,0.00027311089401361565
4511,8.523640661938535,1.0784859166113112e-05,8.523640661938535,0.00027232189977565823
4512,8.525641025641026,1.0754249606133165e-05,8.525641025641026,0.00027153653325745784
4513,8.527641389343517,1.0723776627290413e-05,8.527641389343517,0.0002707547711251442
4514,8.529641753046008,1.0693439390684147e-05,8.529641753046008,0.0002699765902412988
4515,8.531642116748499,1.0663237064030605e-05,8.531642116748499,0.0002692019676628838
4516,8.53364248045099,1.063316882159878e-05,8.533642480450991,0.0002684308806391884
4517,8.535642844153482,1.0603233844146925e-05,8.53564284415348,0.000267663306609808
4518,8.537643207855973,1.057343131885992e-05,8.537643207855973,0.0002668992232026432
4519,8.539643571558464,1.0543760439287125e-05,8.539643571558464,0.0002661386082319326
4520,8.541643935260955,1.051422040528119e-05,8.541643935260957,0.00026538143969630294
4521,8.543644298963446,1.048481042293744e-05,8.543644298963446,0.0002646276957768485
4522,8.54564466266594,1.0455529704533953e-05,8.54564466266594,0.00026387735483523057
4523,8.54764502636843,1.0426377468472465e-05,8.54764502636843,0.0002631303954118081
4524,8.549645390070921,1.0397352939219688e-05,8.549645390070923,0.00026238679622378474
4525,8.551645753773412,1.0368455347249537e-05,8.551645753773412,0.0002616465361633832
4526,8.553646117475903,1.0339683928985921e-05,8.553646117475903,0.0002609095942960393
4527,8.555646481178394,1.031103792674618e-05,8.555646481178396,0.0002601759498586241
4528,8.557646844880887,1.0282516588685144e-05,8.557646844880887,0.0002594455822576829
4529,8.559647208583378,1.025411916873996e-05,8.559647208583378,0.00025871847106769886
4530,8.56164757228587,1.0225844926575282e-05,8.56164757228587,0.0002579945960293754
4531,8.56364793598836,1.0197693127529343e-05,8.563647935988362,0.00025727393704794594
4532,8.565648299690851,1.0169663042560489e-05,8.565648299690853,0.0002565564741914978
4533,8.567648663393344,1.0141753948194334e-05,8.567648663393344,0.00025584218768932154
4534,8.569649027095835,1.0113965126471607e-05,8.569649027095835,0.0002551310579302755
4535,8.571649390798326,1.0086295864896359e-05,8.571649390798326,0.0002544230654611783
4536,8.573649754500817,1.0058745456384993e-05,8.573649754500819,0.0002537181909852135
4537,8.575650118203308,1.0031313199215717e-05,8.575650118203308,0.0002530164153603584
4538,8.5776504819058,1.0003998396978592e-05,8.5776504819058,0.00025231771959782767
4539,8.579650845608292,9.976800358526215e-06,8.579650845608292,0.00025162208486054243
4540,8.581651209310783,9.949718397924752e-06,8.581651209310785,0.0002509294924616121
4541,8.583651573013274,9.922751834405728e-06,8.583651573013274,0.0002502399238628376
4542,8.585651936715765,9.895899992318229e-06,8.585651936715767,0.0002495533606732295
4543,8.587652300418256,9.86916220108166e-06,8.587652300418258,0.0002488697846475501
4544,8.589652664120749,9.84253779513901e-06,8.58965266412075,0.00024818917768486704
4545,8.59165302782324,9.816026113910709e-06,8.59165302782324,0.0002475115218271277
4546,8.59365339152573,9.789626501748826e-06,8.59365339152573,0.00024683679925774707
4547,8.595653755228222,9.763338307891925e-06,8.595653755228224,0.00024616499230021904
4548,8.597654118930713,9.737160886420351e-06,8.597654118930715,0.0002454960834167377
4549,8.599654482633206,9.711093596211984e-06,8.599654482633206,0.0002448300552068389
4550,8.601654846335697,9.685135800898575e-06,8.601654846335697,0.0002441668904060541
4551,8.603655210038188,9.659286868822373e-06,8.60365521003819,0.00024350657188458683
4552,8.605655573740679,9.633546172993392e-06,8.60565557374068,0.00024284908264599802
4553,8.607655937443171,9.60791309104708e-06,8.607655937443171,0.00024219440582591112
4554,8.609656301145662,9.582387005202428e-06,8.609656301145662,0.0002415425246907282
4555,8.611656664848153,9.556967302220529e-06,8.611656664848153,0.000240893422636368
4556,8.613657028550646,9.531653373363685e-06,8.613657028550646,0.00024024708318701188
4557,8.615657392253137,9.506444614354755e-06,8.615657392253135,0.0002396034899938687
4558,8.617657755955628,9.481340425337116e-06,8.617657755955628,0.00023896262683395037
4559,8.61965811965812,9.456340210834987e-06,8.61965811965812,0.00023832447760886732
4560,8.621658483360612,9.431443379714157e-06,8.621658483360612,0.0002376890263436326
4561,8.623658847063103,9.406649345143229e-06,8.623658847063101,0.00023705625718548282
4562,8.625659210765594,9.381957524555085e-06,8.625659210765594,0.00023642615440270964
4563,8.627659574468085,9.357367339608969e-06,8.627659574468085,0.00023579870238351052
4564,8.629659938170576,9.332878216152849e-06,8.629659938170578,0.00023517388563484674
4565,8.631660301873067,9.308489584186215e-06,8.631660301873067,0.00023455168878131817
4566,8.63366066557556,9.284200877823257e-06,8.633660665575558,0.00023393209656404738
4567,8.635661029278051,9.2600115352565e-06,8.635661029278051,0.0002333150938395827
4568,8.637661392980542,9.23592099872067e-06,8.63766139298054,0.00023270066557880783
4569,8.639661756683033,9.21192871445709e-06,8.639661756683033,0.0002320887968658649
4570,8.641662120385524,9.188034132678391e-06,8.641662120385524,0.000231479472897094
4571,8.643662484088017,9.164236707533564e-06,8.643662484088017,0.00023087267897997985
4572,8.645662847790508,9.140535897073496e-06,8.645662847790506,0.00023026840053211317
4573,8.647663211492999,9.116931163216658e-06,8.647663211492999,0.0002296666230801608
4574,8.64966357519549,9.093421971715351e-06,8.64966357519549,0.00022906733225885306
4575,8.65166393889798,9.070007792122206e-06,8.65166393889798,0.00022847051380997665
4576,8.653664302600472,9.046688097757048e-06,8.653664302600472,0.00022787615358138254
4577,8.655664666302965,9.0234623656741e-06,8.655664666302963,0.00022728423752600143
4578,8.657665030005456,9.000330076629588e-06,8.657665030005456,0.00022669475170087588
4579,8.659665393707947,8.977290715049526e-06,8.659665393707947,0.00022610768226619772
4580,8.661665757410438,8.954343768998019e-06,8.661665757410438,0.0002255230154843595
4581,8.663666121112929,8.931488730145761e-06,8.663666121112929,0.00022494073771901305
4582,8.665666484815421,8.908725093738919e-06,8.665666484815421,0.00022436083543414442
4583,8.667666848517912,8.886052358568362e-06,8.667666848517912,0.00022378329519315288
4584,8.669667212220403,8.86347002693908e-06,8.669667212220402,0.00022320810365794415
4585,8.671667575922894,8.840977604640062e-06,8.671667575922894,0.0002226352475880298
4586,8.673667939625386,8.8185746009144e-06,8.673667939625386,0.00022206471383964246
4587,8.675668303327877,8.796260528429727e-06,8.675668303327878,0.0002214964893648548
4588,8.67766866703037,8.774034903248922e-06,8.677668667030368,0.0002209305612107119
4589,8.67966903073286,8.751897244801207e-06,8.67966903073286,0.00022036691651836966
4590,8.681669394435351,8.729847075853379e-06,8.681669394435351,0.0002198055425222481
4591,8.683669758137842,8.70788392248147e-06,8.683669758137844,0.00021924642654918845
4592,8.685670121840333,8.686007314042646e-06,8.685670121840333,0.00021868955601762262
4593,8.687670485542826,8.664216783147366e-06,8.687670485542826,0.0002181349184367485
4594,8.689670849245317,8.642511865631915e-06,8.689670849245317,0.00021758250140571972
4595,8.691671212947808,8.620892100531043e-06,8.691671212947808,0.00021703229261283845
4596,8.6936715766503,8.59935703005105e-06,8.6936715766503,0.00021648427983476053
4597,8.69567194035279,8.57790619954305e-06,8.69567194035279,0.0002159384509357057
4598,8.697672304055281,8.556539157476529e-06,8.697672304055283,0.00021539479386668177
4599,8.699672667757774,8.535255455413142e-06,8.699672667757774,0.00021485329666471171
4600,8.701673031460265,8.514054647980856e-06,8.701673031460265,0.0002143139474520724
4601,8.703673395162756,8.492936292848199e-06,8.703673395162756,0.00021377673443553801
4602,8.705673758865247,8.471899950698899e-06,8.705673758865249,0.00021324164590563705
4603,8.707674122567738,8.450945185206736e-06,8.70767412256774,0.00021270867023591208
4604,8.70967448627023,8.430071563010597e-06,8.709674486270229,0.0002121777958821901
4605,8.711674849972722,8.409278653689899e-06,8.711674849972722,0.00021164901138185765
4606,8.713675213675213,8.388566029740064e-06,8.713675213675213,0.0002111223053531494
4607,8.715675577377704,8.367933266548416e-06,8.715675577377706,0.00021059766649443796
4608,8.717675941080195,8.347379942370229e-06,8.717675941080195,0.00021007508358353546
4609,8.719676304782686,8.32690563830502e-06,8.719676304782688,0.00020955454547699835
4610,8.721676668485179,8.30650993827307e-06,8.721676668485179,0.00020903604110944545
4611,8.72367703218767,8.286192428992247e-06,8.723677032187672,0.0002085195594928776
4612,8.72567739589016,8.265952699954899e-06,8.72567739589016,0.00020800508971600745
4613,8.727677759592652,8.245790343405137e-06,8.727677759592654,0.00020749262094359378
4614,8.729678123295143,8.225704954316244e-06,8.729678123295145,0.00020698214241578693
4615,8.731678486997636,8.20569613036833e-06,8.731678486997636,0.00020647364344747666
4616,8.733678850700127,8.185763471926257e-06,8.733678850700127,0.0002059671134276498
4617,8.735679214402618,8.16590658201764e-06,8.735679214402618,0.00020546254181875106
4618,8.737679578105109,8.146125066311202e-06,8.73767957810511,0.00020495991815605596
4619,8.7396799418076,8.126418533095284e-06,8.739679941807601,0.00020445923204704498
4620,8.74168030551009,8.106786593256547e-06,8.741680305510092,0.00020396047317078735
4621,8.743680669212583,8.087228860258888e-06,8.743680669212583,0.00020346363127732796
4622,8.745681032915074,8.06774495012263e-06,8.745681032915076,0.00020296869618708572
4623,8.747681396617565,8.048334481403756e-06,8.747681396617565,0.00020247565779025345
4624,8.749681760320057,8.028997075173494e-06,8.749681760320057,0.0002019845060462043
4625,8.75168212402255,8.009732354998027e-06,8.75168212402255,0.00020149523098290825
4626,8.75368248772504,7.99053994691839e-06,8.75368248772504,0.00020100782269634964
4627,8.755682851427531,7.971419479430646e-06,8.755682851427531,0.00020052227134995397
4628,8.757683215130022,7.95237058346609e-06,8.757683215130022,0.00020003856717401737
4629,8.759683578832515,7.933392892371791e-06,8.759683578832515,0.00019955670046514654
4630,8.761683942535006,7.914486041891253e-06,8.761683942535006,0.0001990766615856999
4631,8.763684306237497,7.895649670145275e-06,8.763684306237497,0.00019859844096323674
4632,8.765684669939988,7.876883417612965e-06,8.765684669939988,0.00019812202908996984
4633,8.767685033642481,7.858186927113013e-06,8.767685033642481,0.00019764741652222758
4634,8.769685397344972,7.83955984378501e-06,8.769685397344972,0.00019717459387991713
4635,8.771685761047463,7.821001815071061e-06,8.771685761047461,0.00019670355184599582
4636,8.773686124749954,7.80251249069753e-06,8.773686124749954,0.000196234281165945
4637,8.775686488452447,7.784091522656917e-06,8.775686488452445,0.00019576677264725357
4638,8.777686852154938,7.765738565190032e-06,8.777686852154938,0.0001953010171589025
4639,8.779687215857429,7.747453274768126e-06,8.779687215857427,0.00019483700563085673
4640,8.78168757955992,7.729235310075405e-06,8.78168757955992,0.00019437472905355985
4641,8.78368794326241,7.71108433199157e-06,8.78368794326241,0.00019391417847743807
4642,8.785688306964902,7.693000003574573e-06,8.785688306964904,0.00019345534501240443
4643,8.787688670667395,7.674981990043518e-06,8.787688670667393,0.0001929982198273712
4644,8.789689034369886,7.657029958761774e-06,8.789689034369884,0.00019254279414976372
4645,8.791689398072377,7.639143579220119e-06,8.791689398072377,0.00019208905926504401
4646,8.793689761774868,7.621322523020171e-06,8.793689761774868,0.00019163700651623426
4647,8.795690125477359,7.603566463857916e-06,8.795690125477359,0.00019118662730344794
4648,8.797690489179852,7.585875077507375e-06,8.79769048917985,0.00019073791308342271
4649,8.799690852882343,7.568248041804492e-06,8.799690852882343,0.00019029085536906236
4650,8.801691216584834,7.550685036631045e-06,8.801691216584834,0.00018984544572897875
4651,8.803691580287325,7.533185743898829e-06,8.803691580287325,0.0001894016757870409
4652,8.805691943989816,7.515749847533927e-06,8.805691943989816,0.000188959537221926
4653,8.807692307692307,7.498377033461128e-06,8.807692307692308,0.00018851902176667896
4654,8.8096926713948,7.481066989588483e-06,8.8096926713948,0.00018808012120827164
4655,8.81169303509729,7.463819405792067e-06,8.811693035097289,0.00018764282738716975
4656,8.813693398799781,7.446633973900744e-06,8.813693398799781,0.00018720713219690042
4657,8.815693762502272,7.42951038768121e-06,8.815693762502272,0.00018677302758362895
4658,8.817694126204763,7.4124483428231015e-06,8.817694126204765,0.0001863405055457348
4659,8.819694489907256,7.395447536924242e-06,8.819694489907254,0.0001859095581333948
4660,8.821694853609747,7.37850766947608e-06,8.821694853609747,0.0001854801774481673
4661,8.823695217312238,7.361628441849149e-06,8.823695217312238,0.00018505235564258483
4662,8.82569558101473,7.3448095572787605e-06,8.825695581014731,0.00018462608491974622
4663,8.82769594471722,7.328050720850791e-06,8.82769594471722,0.0001842013575329156
4664,8.829696308419711,7.311351639487583e-06,8.829696308419711,0.00018377816578512207
4665,8.831696672122204,7.29471202193399e-06,8.831696672122204,0.00018335650202876792
4666,8.833697035824695,7.27813157874358e-06,8.833697035824695,0.00018293635866523594
4667,8.835697399527186,7.26161002226486e-06,8.835697399527186,0.00018251772814450345
4668,8.837697763229677,7.245147066627735e-06,8.837697763229677,0.00018210060296475712
4669,8.839698126932168,7.228742427730041e-06,8.83969812693217,0.00018168497567201564
4670,8.841698490634661,7.212395823224185e-06,8.841698490634661,0.00018127083885975196
4671,8.843698854337152,7.196106972503963e-06,8.843698854337152,0.00018085818516852138
4672,8.845699218039643,7.179875596691405e-06,8.845699218039643,0.00018044700728559094
4673,8.847699581742134,7.163701418623806e-06,8.847699581742136,0.00018003729794457618
4674,8.849699945444625,7.147584162840866e-06,8.849699945444627,0.0001796290499250771
4675,8.851700309147116,7.131523555571918e-06,8.851700309147116,0.00017922225605232034
4676,8.853700672849609,7.115519324723276e-06,8.853700672849609,0.0001788169091968021
4677,8.8557010365521,7.099571199865747e-06,8.8557010365521,0.00017841300227393821
4678,8.85770140025459,7.083678912222149e-06,8.857701400254593,0.00017801052824371395
4679,8.859701763957082,7.067842194655028e-06,8.859701763957082,0.00017760948011033884
4680,8.861702127659573,7.052060781654462e-06,8.861702127659575,0.00017720985092190307
4681,8.863702491362066,7.036334409325942e-06,8.863702491362066,0.0001768116337700402
4682,8.865702855064557,7.020662815378435e-06,8.865702855064557,0.00017641482178959022
4683,8.867703218767048,7.0050457391124265e-06,8.867703218767048,0.0001760194081582654
4684,8.869703582469539,6.9894829214081944e-06,8.869703582469539,0.00017562538609632234
4685,8.87170394617203,6.9739741047141146e-06,8.871703946172032,0.00017523274886623396
4686,8.87370430987452,6.958519033035091e-06,8.87370430987452,0.00017484148977236626
4687,8.875704673577014,6.943117451921074e-06,8.875704673577014,0.00017445160216065587
4688,8.877705037279505,6.927769108455729e-06,8.877705037279505,0.0001740630794182943
4689,8.879705400981996,6.912473751245099e-06,8.879705400981997,0.00017367591497341174
4690,8.881705764684487,6.897231130406468e-06,8.881705764684487,0.00017329010229476526
4691,8.883706128386978,6.882040997557282e-06,8.88370612838698,0.00017290563489142827
4692,8.88570649208947,6.866903105804152e-06,8.88570649208947,0.0001725225063124862
4693,8.887706855791961,6.851817209732007e-06,8.887706855791963,0.00017214071014673128
4694,8.889707219494452,6.836783065393241e-06,8.889707219494452,0.00017176024002236247
4695,8.891707583196943,6.82180043029706e-06,8.891707583196943,0.00017138108960668553
4696,8.893707946899434,6.80686906339886e-06,8.893707946899436,0.00017100325260582016
4697,8.895708310601925,6.791988725089712e-06,8.895708310601927,0.00017062672276440524
4698,8.897708674304418,6.777159177185929e-06,8.897708674304418,0.0001702514938653096
4699,8.89970903800691,6.762380182918775e-06,8.89970903800691,0.00016987755972934314
4700,8.9017094017094,6.747651506924151e-06,8.901709401709402,0.00016950491421497367
4701,8.903709765411891,6.732972915232482e-06,8.903709765411893,0.00016913355121804337
4702,8.905710129114384,6.7183441752586326e-06,8.905710129114384,0.00016876346467148946
4703,8.907710492816875,6.7037650557919166e-06,8.907710492816875,0.0001683946485450654
4704,8.909710856519366,6.689235326986235e-06,8.909710856519366,0.00016802709684506822
4705,8.911711220221859,6.674754760350195e-06,8.911711220221859,0.0001676608036140646
4706,8.91371158392435,6.660323128737425e-06,8.913711583924348,0.00016729576293062143
4707,8.915711947626841,6.645940206336914e-06,8.915711947626841,0.0001669319689090372
4708,8.917712311329332,6.631605768663442e-06,8.917712311329332,0.00016656941569907836
4709,8.919712675031825,6.6173195925480854e-06,8.919712675031825,0.0001662080974857154
4710,8.921713038734316,6.603081456128853e-06,8.921713038734314,0.000165848008488863
4711,8.923713402436807,6.588891138841296e-06,8.923713402436807,0.00016548914296312013
4712,8.925713766139298,6.574748421409305e-06,8.925713766139298,0.00016513149519751646
4713,8.927714129841789,6.560653085835923e-06,8.92771412984179,0.00016477505951525712
4714,8.929714493544282,6.546604915394256e-06,8.92971449354428,0.00016441983027347203
4715,8.931714857246773,6.532603694618482e-06,8.93171485724677,0.00016406580186296516
4716,8.933715220949264,6.5186492092948655e-06,8.933715220949264,0.00016371296870796957
4717,8.935715584651755,6.504741246452921e-06,8.935715584651755,0.00016336132526590126
4718,8.937715948354246,6.490879594356618e-06,8.937715948354246,0.00016301086602711693
4719,8.939716312056737,6.477064042495667e-06,8.939716312056737,0.00016266158551467202
4720,8.94171667575923,6.4632943815768534e-06,8.94171667575923,0.00016231347828408435
4721,8.94371703946172,6.4495704035155216e-06,8.94371703946172,0.0001619665389230962
4722,8.945717403164211,6.435891901427e-06,8.945717403164211,0.0001616207620514405
4723,8.947717766866703,6.422258669618218e-06,8.947717766866703,0.00016127614232060739
4724,8.949718130569194,6.408670503579337e-06,8.949718130569194,0.00016093267441361577
4725,8.951718494271686,6.395127199975446e-06,8.951718494271686,0.00016059035304478344
4726,8.953718857974177,6.381628556638381e-06,8.953718857974176,0.00016024917295950165
4727,8.955719221676668,6.368174372558514e-06,8.955719221676668,0.0001599091289340093
4728,8.95771958537916,6.354764447876703e-06,8.95771958537916,0.00015957021577517235
4729,8.95971994908165,6.341398583876265e-06,8.959719949081652,0.0001592324283202621
4730,8.961720312784141,6.328076582975022e-06,8.961720312784141,0.00015889576143673697
4731,8.963720676486634,6.3147982487173984e-06,8.963720676486634,0.0001585602100220246
4732,8.965721040189125,6.301563385766647e-06,8.965721040189125,0.0001582257690033088
4733,8.967721403891616,6.288371799897025e-06,8.967721403891618,0.00015789243333731517
4734,8.969721767594107,6.275223297986138e-06,8.969721767594107,0.0001575601980101005
4735,8.971722131296598,6.262117688007299e-06,8.971722131296598,0.00015722905803684193
4736,8.973722494999091,6.249054779021948e-06,8.973722494999091,0.0001568990084616314
4737,8.975722858701582,6.2360343811721884e-06,8.975722858701582,0.00015657004435726827
4738,8.977723222404073,6.223056305673272e-06,8.977723222404073,0.0001562421608250558
4739,8.979723586106564,6.210120364806262e-06,8.979723586106564,0.00015591535299459768
4740,8.981723949809055,6.1972263719106915e-06,8.981723949809057,0.00015558961602359897
4741,8.983724313511546,6.184374141377301e-06,8.983724313511546,0.00015526494509766626
4742,8.985724677214039,6.171563488640818e-06,8.985724677214039,0.00015494133543010935
4743,8.98772504091653,6.158794230172849e-06,8.98772504091653,0.0001546187822617476
4744,8.989725404619021,6.146066183474728e-06,8.989725404619021,0.00015429728086071448
4745,8.991725768321512,6.133379167070529e-06,8.991725768321512,0.0001539768265222659
4746,8.993726132024003,6.120733000500069e-06,8.993726132024003,0.0001536574145685882
4747,8.995726495726496,6.108127504311984e-06,8.995726495726496,0.0001533390403486109
4748,8.997726859428987,6.0955625000569025e-06,8.997726859428987,0.00015302169923781783
4749,8.999727223131478,6.083037810280576e-06,8.999727223131478,0.00015270538663806165
4750,9.001727586833969,6.070553258517169e-06,9.001727586833969,0.00015239009797737835
4751,9.00372795053646,6.058108669282538e-06,9.003727950536462,0.00015207582870980607
4752,9.00572831423895,6.045703868067593e-06,9.005728314238953,0.00015176257431520244
4753,9.007728677941444,6.033338681331692e-06,9.007728677941442,0.00015145033029906533
4754,9.009729041643935,6.021012936496135e-06,9.009729041643935,0.00015113909219235342
4755,9.011729405346426,6.0087264619376256e-06,9.011729405346426,0.00015082885555131085
4756,9.013729769048917,5.996479086981864e-06,9.013729769048918,0.00015051961595729073
4757,9.015730132751408,5.984270641897153e-06,9.015730132751408,0.00015021136901658167
4758,9.0177304964539,5.9721009578880615e-06,9.0177304964539,0.00014990411036023405
4759,9.019730860156391,5.959969867089167e-06,9.019730860156391,0.00014959783564389074
4760,9.021731223858882,5.9478772025587685e-06,9.021731223858884,0.00014929254054761617
4761,9.023731587561374,5.935822798272742e-06,9.023731587561374,0.00014898822077572845
4762,9.025731951263865,5.923806489118388e-06,9.025731951263866,0.00014868487205663147
4763,9.027732314966356,5.911828110888352e-06,9.027732314966357,0.00014838249014265098
4764,9.029732678668848,5.899887500274566e-06,9.029732678668848,0.00014808107080986917
4765,9.03173304237134,5.887984494862299e-06,9.03173304237134,0.0001477806098579624
4766,9.03373340607383,5.876118933124156e-06,9.03373340607383,0.00014748110311003858
4767,9.035733769776321,5.8642906544142145e-06,9.035733769776323,0.00014718254641247862
4768,9.037734133478812,5.852499498962166e-06,9.037734133478814,0.00014688493563477637
4769,9.039734497181305,5.840745307867498e-06,9.039734497181305,0.00014658826666938147
4770,9.041734860883796,5.829027923093772e-06,9.041734860883796,0.000146292535431542
4771,9.043735224586287,5.817347187462849e-06,9.043735224586289,0.00014599773785915114
4772,9.045735588288778,5.805702944649264e-06,9.04573558828878,0.00014570386991259206
4773,9.04773595199127,5.794095039174579e-06,9.04773595199127,0.00014541092757458594
4774,9.049736315693762,5.782523316401811e-06,9.049736315693762,0.0001451189068500397
4775,9.051736679396253,5.770987622529875e-06,9.051736679396253,0.0001448278037658973
4776,9.053737043098744,5.759487804588127e-06,9.053737043098746,0.00014453761437098982
4777,9.055737406801235,5.748023710430861e-06,9.055737406801235,0.0001442483347358884
4778,9.057737770503728,5.736595188731924e-06,9.057737770503728,0.00014395996095275645
4779,9.059738134206219,5.725202088979348e-06,9.059738134206219,0.00014367248913520604
4780,9.06173849790871,5.713844261470008e-06,9.061738497908712,0.00014338591541815257
4781,9.063738861611201,5.7025215573043705e-06,9.063738861611201,0.00014310023595767236
4782,9.065739225313694,5.691233828381195e-06,9.065739225313694,0.00014281544693085964
4783,9.067739589016185,5.6799809273923675e-06,9.067739589016185,0.00014253154453568734
4784,9.069739952718676,5.668762707817723e-06,9.069739952718676,0.00014224852499086657
4785,9.071740316421167,5.65757902391992e-06,9.071740316421167,0.00014196638453570844
4786,9.07374068012366,5.646429730739349e-06,9.073740680123658,0.00014168511942998566
4787,9.07574104382615,5.635314684089116e-06,9.07574104382615,0.00014140472595379776
4788,9.077741407528642,5.624233740549982e-06,9.077741407528642,0.00014112520040743495
4789,9.079741771231133,5.613186757465436e-06,9.079741771231133,0.00014084653911124423
4790,9.081742134933624,5.602173592936742e-06,9.081742134933624,0.00014056873840549543
4791,9.083742498636116,5.591194105818044e-06,9.083742498636116,0.0001402917946502505
4792,9.085742862338607,5.580248155711543e-06,9.085742862338607,0.00014001570422523177
4793,9.087743226041098,5.569335602962621e-06,9.087743226041097,0.00013974046352969213
4794,9.08974358974359,5.558456308655095e-06,9.08974358974359,0.00013946606898228525
4795,9.09174395344608,5.547610134606464e-06,9.09174395344608,0.0001391925170209391
4796,9.093744317148571,5.536796943363192e-06,9.093744317148573,0.00013891980410272794
4797,9.095744680851064,5.52601659819603e-06,9.095744680851062,0.00013864792670374704
4798,9.097745044553555,5.515268963095406e-06,9.097745044553555,0.00013837688131898646
4799,9.099745408256046,5.50455390276677e-06,9.099745408256046,0.00013810666446220876
4800,9.101745771958537,5.4938712826260605e-06,9.101745771958537,0.00013783727266582506
4801,9.103746135661028,5.483220968795158e-06,9.103746135661028,0.00013756870248077247
4802,9.105746499363521,5.472602828097376e-06,9.105746499363521,0.0001373009504763942
4803,9.107746863066012,5.4620167280530294e-06,9.107746863066012,0.00013703401324031855
4804,9.109747226768503,5.451462536874946e-06,9.109747226768501,0.00013676788737834015
4805,9.111747590470994,5.4409401234641e-06,9.111747590470994,0.0001365025695143006
4806,9.113747954173485,5.4304493574052425e-06,9.113747954173485,0.00013623805628997258
4807,9.115748317875976,5.4199901089625605e-06,9.115748317875978,0.00013597434436494246
4808,9.117748681578469,5.409562249075366e-06,9.117748681578467,0.00013571143041649504
4809,9.11974904528096,5.399165649353861e-06,9.11974904528096,0.00013544931113949795
4810,9.121749408983451,5.3888001820748515e-06,9.121749408983451,0.00013518798324628945
4811,9.123749772685942,5.378465720177568e-06,9.123749772685944,0.00013492744346656416
4812,9.125750136388433,5.36816213725949e-06,9.125750136388433,0.00013466768854726184
4813,9.127750500090926,5.357889307572185e-06,9.127750500090924,0.00013440871525245503
4814,9.129750863793417,5.347647106017236e-06,9.129750863793417,0.0001341505203632402
4815,9.131751227495908,5.3374354081421e-06,9.131751227495908,0.0001338931006776271
4816,9.133751591198399,5.327254090136096e-06,9.133751591198399,0.0001336364530104309
4817,9.13575195490089,5.317103028826373e-06,9.13575195490089,0.00013338057419316301
4818,9.13775231860338,5.306982101673911e-06,9.137752318603383,0.0001331254610739259
4819,9.139752682305874,5.296891186769556e-06,9.139752682305874,0.00013287111051730555
4820,9.141753046008365,5.2868301628301176e-06,9.141753046008365,0.0001326175194042667
4821,9.143753409710856,5.276798909194411e-06,9.143753409710856,0.00013236468463204728
4822,9.145753773413347,5.266797305819418e-06,9.145753773413348,0.0001321126031140562
4823,9.147754137115838,5.256825233276424e-06,9.14775413711584,0.0001318612717797691
4824,9.14975450081833,5.246882572747202e-06,9.149754500818329,0.00013161068757462668
4825,9.151754864520822,5.236969206020238e-06,9.151754864520822,0.00013136084745993232
4826,9.153755228223313,5.22708501548693e-06,9.153755228223313,0.00013111174841275294
4827,9.155755591925804,5.217229884137885e-06,9.155755591925805,0.00013086338742581782
4828,9.157755955628295,5.2074036955591915e-06,9.157755955628295,0.00013061576150742013
4829,9.159756319330787,5.197606333928737e-06,9.159756319330787,0.00013036886768131738
4830,9.161756683033278,5.187837684012586e-06,9.161756683033278,0.00013012270298663525
4831,9.16375704673577,5.178097631161299e-06,9.163757046735771,0.00012987726447776966
4832,9.16575741043826,5.168386061306365e-06,9.16575741043826,0.00012963254922429093
4833,9.167757774140751,5.158702860956618e-06,9.167757774140751,0.00012938855431084741
4834,9.169758137843242,5.149047917194688e-06,9.169758137843244,0.00012914527683707204
4835,9.171758501545735,5.139421117673465e-06,9.171758501545735,0.00012890271391748721
4836,9.173758865248226,5.129822350612634e-06,9.173758865248226,0.0001286608626814121
4837,9.175759228950717,5.12025150479516e-06,9.175759228950717,0.00012841972027286875
4838,9.177759592653208,5.1107084695638615e-06,9.17775959265321,0.0001281792838504916
4839,9.1797599563557,5.101193134817986e-06,9.179759956355701,0.0001279395505874353
4840,9.181760320058192,5.091705391009803e-06,9.181760320058192,0.00012770051767128427
4841,9.183760683760683,5.082245129141257e-06,9.183760683760683,0.0001274621823039621
4842,9.185761047463174,5.072812240760578e-06,9.185761047463176,0.00012722454170164342
4843,9.187761411165665,5.0634066179589805e-06,9.187761411165667,0.0001269875930946644
4844,9.189761774868156,5.0540281533673575e-06,9.189761774868156,0.00012675133372743515
4845,9.191762138570647,5.0446767401530005e-06,9.191762138570649,0.0001265157608583516
4846,9.19376250227314,5.03535227201634e-06,9.19376250227314,0.00012628087175970998
4847,9.195762865975631,5.026054643187739e-06,9.195762865975633,0.00012604666371762005
4848,9.197763229678122,5.0167837484242465e-06,9.197763229678122,0.00012581313403191988
4849,9.199763593380613,5.0075394830064375e-06,9.199763593380615,0.00012558028001609037
4850,9.201763957083104,4.998321742735243e-06,9.201763957083106,0.00012534809899717226
4851,9.203764320785597,4.989130423928805e-06,9.203764320785599,0.00012511658831568175
4852,9.205764684488088,4.979965423419386e-06,9.205764684488088,0.0001248857453255279
4853,9.207765048190579,4.97082663855023e-06,9.207765048190579,0.00012465556739392952
4854,9.209765411893072,4.961713967172522e-06,9.209765411893072,0.00012442605190133462
4855,9.211765775595563,4.952627307642318e-06,9.211765775595563,0.0001241971962413385
4856,9.213766139298054,4.943566558817527e-06,9.213766139298054,0.00012396899782060345
4857,9.215766503000545,4.934531620054893e-06,9.215766503000545,0.00012374145405877815
4858,9.217766866703037,4.925522391207024e-06,9.217766866703037,0.00012351456238841928
4859,9.219767230405528,4.916538772619404e-06,9.219767230405527,0.0001232883202549123
4860,9.22176759410802,4.907580665127454e-06,9.22176759410802,0.00012306272511639245
4861,9.22376795781051,4.898647970053615e-06,9.22376795781051,0.00012283777444366836
4862,9.225768321513003,4.889740589204432e-06,9.225768321513003,0.00012261346572014408
4863,9.227768685215494,4.880858424867699e-06,9.227768685215493,0.00012238979644174283
4864,9.229769048917985,4.8720013798095536e-06,9.229769048917984,0.00012216676411683046
4865,9.231769412620476,4.863169357271658e-06,9.231769412620476,0.00012194436626614079
4866,9.233769776322967,4.854362260968375e-06,9.233769776322967,0.0001217226004227003
4867,9.235770140025458,4.8455799950839615e-06,9.235770140025458,0.00012150146413175382
4868,9.237770503727951,4.836822464269774e-06,9.23777050372795,0.00012128095495069012
4869,9.239770867430442,4.828089573641538e-06,9.239770867430442,0.00012106107044896946
4870,9.241771231132933,4.8193812287765565e-06,9.241771231132933,0.00012084180820805051
4871,9.243771594835424,4.810697335711014e-06,9.243771594835424,0.00012062316582131795
4872,9.245771958537915,4.802037800937262e-06,9.245771958537915,0.0001204051408940102
4873,9.247772322240408,4.79340253140112e-06,9.247772322240406,0.00012018773104314931
4874,9.249772685942899,4.784791434499241e-06,9.249772685942899,0.00011997093389746948
4875,9.25177304964539,4.776204418076411e-06,9.251773049645388,0.00011975474709734702
4876,9.253773413347881,4.767641390422949e-06,9.253773413347881,0.00011953916829473009
4877,9.255773777050372,4.7591022602720865e-06,9.255773777050372,0.00011932419515307047
4878,9.257774140752863,4.75058693679736e-06,9.257774140752865,0.00011910982534725408
4879,9.259774504455356,4.742095329610047e-06,9.259774504455354,0.00011889605656353311
4880,9.261774868157847,4.7336273487566075e-06,9.261774868157847,0.00011868288649945738
4881,9.263775231860338,4.725182904716119e-06,9.263775231860338,0.00011847031286380836
4882,9.265775595562829,4.716761908397767e-06,9.26577559556283,0.00011825833337653145
4883,9.26777595926532,4.708364271138342e-06,9.26777595926532,0.00011804694576867005
4884,9.269776322967813,4.699989904699725e-06,9.269776322967811,0.00011783614778229886
4885,9.271776686670304,4.691638721266457e-06,9.271776686670304,0.00011762593717045975
4886,9.273777050372795,4.683310633443231e-06,9.273777050372795,0.00011741631169709579
4887,9.275777414075286,4.6750055542524825e-06,9.275777414075286,0.00011720726913698741
4888,9.277777777777777,4.66672339713196e-06,9.277777777777777,0.00011699880727568732
4889,9.279778141480268,4.6584640759323205e-06,9.27977814148027,0.00011679092390945823
4890,9.28177850518276,4.650227504914724e-06,9.28177850518276,0.00011658361684520888
4891,9.283778868885252,4.642013598748497e-06,9.283778868885252,0.00011637688390043159
4892,9.285779232587743,4.633822272508726e-06,9.285779232587743,0.00011617072290313946
4893,9.287779596290234,4.625653441673948e-06,9.287779596290234,0.00011596513169180536
4894,9.289779959992725,4.617507022123815e-06,9.289779959992726,0.00011576010811530001
4895,9.291780323695217,4.609382930136778e-06,9.291780323695216,0.00011555565003283125
4896,9.293780687397708,4.601281082387819e-06,9.293780687397708,0.00011535175531388267
4897,9.2957810511002,4.593201395946134e-06,9.2957810511002,0.0001151484218381548
4898,9.29778141480269,4.585143788272893e-06,9.297781414802692,0.0001149456474955044
4899,9.299781778505182,4.577108177218989e-06,9.299781778505182,0.00011474343018588562
4900,9.301782142207673,4.569094481022799e-06,9.301782142207674,0.00011454176781929037
4901,9.303782505910165,4.561102618307973e-06,9.303782505910165,0.00011434065831569091
4902,9.305782869612656,4.553132508081234e-06,9.305782869612658,0.000114140099604981
4903,9.307783233315147,4.5451840697301795e-06,9.307783233315147,0.00011394008962691866
4904,9.309783597017638,4.537257223021109e-06,9.309783597017638,0.00011374062633106802
4905,9.31178396072013,4.529351888096874e-06,9.311783960720131,0.00011354170767674357
4906,9.313784324422622,4.521467985474722e-06,9.313784324422622,0.00011334333163295297
4907,9.315784688125113,4.513605436044195e-06,9.315784688125113,0.00011314549617834124
4908,9.317785051827604,4.50576416106497e-06,9.317785051827604,0.0001129481993011343
4909,9.319785415530095,4.4979440821647905e-06,9.319785415530097,0.00011275143899908469
4910,9.321785779232586,4.4901451213373665e-06,9.321785779232588,0.00011255521327941589
4911,9.323786142935077,4.482367200940307e-06,9.323786142935079,0.00011235952015876815
4912,9.32578650663757,4.474610243693047e-06,9.32578650663757,0.00011216435766314337
4913,9.327786870340061,4.466874172674833e-06,9.327786870340061,0.00011196972382785249
4914,9.329787234042552,4.459158911322653e-06,9.329787234042554,0.00011177561669746116
4915,9.331787597745043,4.451464383429237e-06,9.331787597745043,0.00011158203432573712
4916,9.333787961447534,4.4437905131410525e-06,9.333787961447536,0.0001113889747755965
4917,9.335788325150027,4.436137224956302e-06,9.335788325150027,0.00011119643611905269
4918,9.337788688852518,4.428504443722969e-06,9.337788688852518,0.00011100441643716364
4919,9.339789052555009,4.420892094636822e-06,9.339789052555009,0.00011081291381997966
4920,9.3417894162575,4.413300103239474e-06,9.341789416257502,0.00011062192636649314
4921,9.343789779959991,4.4057283954164495e-06,9.343789779959993,0.00011043145218458685
4922,9.345790143662482,4.39817689739525e-06,9.345790143662482,0.00011024148939098355
4923,9.347790507364975,4.390645535743436e-06,9.347790507364975,0.00011005203611119508
4924,9.349790871067466,4.38313423736675e-06,9.349790871067466,0.00010986309047947342
4925,9.351791234769957,4.37564292950719e-06,9.351791234769959,0.00010967465063876023
4926,9.353791598472448,4.368171539741158e-06,9.353791598472448,0.00010948671474063811
4927,9.35579196217494,4.3607199959775915e-06,9.35579196217494,0.00010929928094528066
4928,9.357792325877432,4.3532882264561024e-06,9.357792325877432,0.00010911234742140509
4929,9.359792689579923,4.34587615974516e-06,9.359792689579924,0.00010892591234622312
4930,9.361793053282414,4.338483724740233e-06,9.361793053282414,0.00010873997390539335
4931,9.363793416984906,4.331110850661993e-06,9.363793416984906,0.00010855453029297285
4932,9.365793780687397,4.323757467054506e-06,9.365793780687397,0.00010836957971137087
4933,9.367794144389888,4.3164235037834395e-06,9.367794144389888,0.00010818512037130112
4934,9.369794508092381,4.309108891034277e-06,9.36979450809238,0.00010800115049173531
4935,9.371794871794872,4.301813559310572e-06,9.37179487179487,0.0001078176682998562
4936,9.373795235497363,4.294537439432157e-06,9.373795235497363,0.00010763467203101233
4937,9.375795599199854,4.287280462533419e-06,9.375795599199854,0.00010745215992867168
4938,9.377795962902345,4.280042560061558e-06,9.377795962902345,0.00010727013024437645
4939,9.379796326604838,4.272823663774863e-06,9.379796326604836,0.00010708858123769718
4940,9.381796690307329,4.265623705741018e-06,9.381796690307329,0.00010690751117618886
4941,9.38379705400982,4.2584426183353674e-06,9.38379705400982,0.00010672691833534572
4942,9.385797417712311,4.2512803342392515e-06,9.38579741771231,0.00010654680099855716
4943,9.387797781414802,4.244136786438319e-06,9.387797781414802,0.00010636715745706318
4944,9.389798145117293,4.23701190822086e-06,9.389798145117293,0.00010618798600991155
4945,9.391798508819786,4.229905633176144e-06,9.391798508819786,0.00010600928496391377
4946,9.393798872522277,4.22281789519279e-06,9.393798872522275,0.00010583105263360228
4947,9.395799236224768,4.215748628457104e-06,9.395799236224768,0.00010565328734118681
4948,9.397799599927259,4.208697767451474e-06,9.397799599927259,0.00010547598741651294
4949,9.39979996362975,4.2016652469527455e-06,9.399799963629752,0.00010529915119701907
4950,9.401800327332243,4.194651002030612e-06,9.401800327332241,0.00010512277702769468
4951,9.403800691034734,4.18765496804605e-06,9.403800691034734,0.00010494686326103798
4952,9.405801054737225,4.180677080649689e-06,9.405801054737225,0.00010477140825701536
4953,9.407801418439716,4.173717275780269e-06,9.407801418439716,0.0001045964103830196
4954,9.409801782142207,4.16677548966307e-06,9.409801782142207,0.00010442186801382924
4955,9.411802145844698,4.159851658808353e-06,9.411802145844698,0.00010424777953156719
4956,9.41380250954719,4.152945720009815e-06,9.41380250954719,0.00010407414332566134
4957,9.415802873249682,4.146057610343073e-06,9.415802873249682,0.00010390095779280379
4958,9.417803236952173,4.139187267164112e-06,9.417803236952173,0.00010372822133691126
4959,9.419803600654664,4.132334628107785e-06,9.419803600654664,0.00010355593236908485
4960,9.421803964357155,4.125499631086307e-06,9.421803964357157,0.00010338408930757158
4961,9.423804328059648,4.118682214287756e-06,9.423804328059648,0.00010321269057772474
4962,9.425804691762139,4.111882316174599e-06,9.425804691762137,0.00010304173461196518
4963,9.42780505546463,4.105099875482196e-06,9.42780505546463,0.00010287121984974225
4964,9.42980541916712,4.098334831217344e-06,9.42980541916712,0.0001027011447374963
4965,9.431805782869612,4.091587122656817e-06,9.431805782869613,0.00010253150772861991
4966,9.433806146572103,4.084856689345919e-06,9.433806146572103,0.00010236230728342045
4967,9.435806510274595,4.078143471097037e-06,9.435806510274595,0.00010219354186908164
4968,9.437806873977086,4.0714474079882285e-06,9.437806873977086,0.00010202520995962737
4969,9.439807237679577,4.0647684403617766e-06,9.43980723767958,0.00010185731003588371
4970,9.441807601382068,4.05810650882279e-06,9.441807601382068,0.00010168984058544239
4971,9.44380796508456,4.051461554237797e-06,9.443807965084561,0.00010152280010262355
4972,9.445808328787052,4.044833517733349e-06,9.445808328787052,0.00010135618708844028
4973,9.447808692489543,4.038222340694651e-06,9.447808692489543,0.00010119000005056164
4974,9.449809056192034,4.03162796476415e-06,9.449809056192034,0.00010102423750327715
4975,9.451809419894525,4.025050331840196e-06,9.451809419894525,0.00010085889796746043
4976,9.453809783597016,4.018489384075668e-06,9.453809783597018,0.00010069397997053455
4977,9.455810147299507,4.011945063876628e-06,9.455810147299507,0.0001005294820464363
4978,9.457810511002,4.005417313900966e-06,9.457810511002,0.00010036540273558072
4979,9.459810874704491,3.998906077057098e-06,9.459810874704491,0.00010020174058482715
4980,9.461811238406982,3.992411296502591e-06,9.461811238406984,0.00010003849414744404
4981,9.463811602109473,3.9859329156428805e-06,9.463811602109473,9.987566198307482e-05
4982,9.465811965811964,3.979470878129948e-06,9.465811965811964,9.97132426577031e-05
4983,9.467812329514457,3.973025127861016e-06,9.467812329514457,9.955123474361971e-05
4984,9.469812693216948,3.966595608977272e-06,9.469812693216948,9.938963681938829e-05
4985,9.471813056919439,3.960182265862557e-06,9.471813056919439,9.922844746981206e-05
4986,9.47381342062193,3.953785043142101e-06,9.47381342062193,9.906766528589992e-05
4987,9.475813784324421,3.947403885681257e-06,9.475813784324423,9.890728886483421e-05
4988,9.477814148026912,3.94103873858423e-06,9.477814148026914,9.87473168099373e-05
4989,9.479814511729405,3.934689547192824e-06,9.479814511729405,9.85877477306391e-05
4990,9.481814875431896,3.928356257085211e-06,9.481814875431896,9.842858024244398e-05
4991,9.483815239134387,3.922038814074666e-06,9.483815239134389,9.826981296689948e-05
4992,9.485815602836878,3.915737164208355e-06,9.48581560283688,9.811144453156356e-05
4993,9.487815966539369,3.909451253766104e-06,9.487815966539369,9.795347356997299e-05
4994,9.489816330241862,3.903181029259179e-06,9.489816330241862,9.779589872161118e-05
4995,9.491816693944353,3.8969264374291e-06,9.491816693944353,9.763871863187742e-05
4996,9.493817057646844,3.8906874252464064e-06,9.493817057646845,9.74819319520553e-05
4997,9.495817421349335,3.884463939909485e-06,9.495817421349335,9.732553733928156e-05
4998,9.497817785051826,3.878255928843377e-06,9.497817785051827,9.716953345651486e-05
4999,9.499818148754317,3.872063339698603e-06,9.499818148754319,9.701391897250588e-05
5000,9.50181851245681,3.865886120349981e-06,9.501818512456811,9.68586925617662e-05
5001,9.5038188761593,3.859724218895481e-06,9.5038188761593,9.670385290453835e-05
5002,9.505819239861792,3.853577583655046e-06,9.505819239861792,9.654939868676496e-05
5003,9.507819603564284,3.847446163169449e-06,9.507819603564284,9.639532860005986e-05
5004,9.509819967266775,3.841329906199155e-06,9.509819967266775,9.624164134167763e-05
5005,9.511820330969266,3.835228761723174e-06,9.511820330969266,9.608833561448429e-05
5006,9.513820694671757,3.82914267893795e-06,9.513820694671757,9.593541012692746e-05
5007,9.51582105837425,3.8230716072562155e-06,9.51582105837425,9.57828635930079e-05
5008,9.517821422076741,3.817015496305884e-06,9.517821422076741,9.563069473224992e-05
5009,9.519821785779232,3.810974295928948e-06,9.519821785779232,9.54789022696729e-05
5010,9.521822149481723,3.8049479561803673e-06,9.521822149481723,9.532748493576199e-05
5011,9.523822513184216,3.798936427326973e-06,9.523822513184216,9.517644146644036e-05
5012,9.525822876886707,3.792939659846396e-06,9.525822876886707,9.502577060304057e-05
5013,9.527823240589198,3.7869576044259554e-06,9.527823240589196,9.48754710922765e-05
5014,9.529823604291689,3.7809902119616027e-06,9.529823604291689,9.472554168621487e-05
5015,9.53182396799418,3.775037433556847e-06,9.53182396799418,9.457598114224829e-05
5016,9.533824331696673,3.769099220521686e-06,9.533824331696673,9.442678822306709e-05
5017,9.535824695399164,3.763175524371569e-06,9.535824695399162,9.42779616966321e-05
5018,9.537825059101655,3.7572662968263197e-06,9.537825059101655,9.412950033614681e-05
5019,9.539825422804146,3.7513714898091083e-06,9.539825422804146,9.398140292003115e-05
5020,9.541825786506637,3.74549105544541e-06,9.541825786506639,9.383366823189383e-05
5021,9.543826150209128,3.7396249460619764e-06,9.543826150209128,9.368629506050597e-05
5022,9.54582651391162,3.7337731141857995e-06,9.545826513911619,9.353928219977382e-05
5023,9.547826877614112,3.7279355125431154e-06,9.547826877614112,9.339262844871316e-05
5024,9.549827241316603,3.7221120940583647e-06,9.549827241316603,9.324633261142238e-05
5025,9.551827605019094,3.7163028118531977e-06,9.551827605019094,9.310039349705676e-05
5026,9.553827968721585,3.710507619245477e-06,9.553827968721585,9.295480991980176e-05
5027,9.555828332424078,3.70472646974827e-06,9.555828332424078,9.280958069884808e-05
5028,9.557828696126569,3.6989593170688835e-06,9.557828696126569,9.266470465836544e-05
5029,9.55982905982906,3.6932061151078518e-06,9.55982905982906,9.252018062747733e-05
5030,9.56182942353155,3.687466817957975e-06,9.56182942353155,9.237600744023514e-05
5031,9.563829787234042,3.6817413799033464e-06,9.563829787234043,9.223218393559362e-05
5032,9.565830150936533,3.676029755418385e-06,9.565830150936534,9.208870895738549e-05
5033,9.567830514639025,3.6703318991668706e-06,9.567830514639024,9.194558135429663e-05
5034,9.569830878341516,3.66464776600101e-06,9.569830878341516,9.180279997984085e-05
5035,9.571831242044007,3.658977310960455e-06,9.571831242044007,9.166036369233612e-05
5036,9.573831605746498,3.653320489271387e-06,9.573831605746498,9.15182713548796e-05
5037,9.57583196944899,3.6476772563455656e-06,9.57583196944899,9.137652183532307e-05
5038,9.577832333151482,3.6420475677793985e-06,9.577832333151482,9.12351140062494e-05
5039,9.579832696853973,3.6364313793530302e-06,9.579832696853973,9.109404674494817e-05
5040,9.581833060556464,3.630828647029393e-06,9.581833060556464,9.095331893339187e-05
5041,9.583833424258955,3.625239326953315e-06,9.583833424258955,9.081292945821182e-05
5042,9.585833787961446,3.619663375450596e-06,9.585833787961446,9.067287721067521e-05
5043,9.587834151663937,3.614100749027114e-06,9.58783415166394,9.05331610866612e-05
5044,9.58983451536643,3.6085514043679104e-06,9.589834515366428,9.039377998663789e-05
5045,9.591834879068921,3.6030152983363215e-06,9.591834879068921,9.025473281563855e-05
5046,9.593835242771412,3.59749238797306e-06,9.593835242771412,9.011601848323942e-05
5047,9.595835606473903,3.5919826304953474e-06,9.595835606473905,8.99776359035363e-05
5048,9.597835970176394,3.5864859832960337e-06,9.597835970176394,8.983958399512196e-05
5049,9.599836333878887,3.58100240394272e-06,9.599836333878887,8.970186168106315e-05
5050,9.601836697581378,3.575531850176903e-06,9.601836697581378,8.956446788887865e-05
5051,9.603837061283869,3.5700742799130912e-06,9.60383706128387,8.942740155051671e-05
5052,9.60583742498636,3.564629651237962e-06,9.60583742498636,8.929066160233277e-05
5053,9.607837788688851,3.559197922409502e-06,9.607837788688851,8.915424698506704e-05
5054,9.609838152391342,3.5537790518561615e-06,9.609838152391344,8.901815664382325e-05
5055,9.611838516093835,3.5483729981760074e-06,9.611838516093835,8.888238952804627e-05
5056,9.613838879796326,3.5429797201358996e-06,9.613838879796326,8.874694459150077e-05
5057,9.615839243498817,3.537599176670632e-06,9.615839243498817,8.861182079224894e-05
5058,9.617839607201308,3.5322313268821236e-06,9.61783960720131,8.847701709263002e-05
5059,9.619839970903799,3.526876130038588e-06,9.6198399709038,8.834253245923832e-05
5060,9.621840334606292,3.5215335455737103e-06,9.621840334606292,8.820836586290232e-05
5061,9.623840698308783,3.5162035330858505e-06,9.623840698308783,8.807451627866307e-05
5062,9.625841062011274,3.5108860523372076e-06,9.625841062011274,8.794098268575409e-05
5063,9.627841425713765,3.5055810632530324e-06,9.627841425713767,8.780776406757987e-05
5064,9.629841789416256,3.500288525920824e-06,9.629841789416256,8.76748594116956e-05
5065,9.631842153118747,3.4950084005895302e-06,9.631842153118749,8.754226770978592e-05
5066,9.63384251682124,3.489740647668758e-06,9.63384251682124,8.740998795764534e-05
5067,9.63584288052373,3.484485227727996e-06,9.635842880523732,8.727801915515726e-05
5068,9.637843244226222,3.4792421014958165e-06,9.637843244226222,8.714636030627415e-05
5069,9.639843607928713,3.474011229859109e-06,9.639843607928714,8.701501041899685e-05
5070,9.641843971631204,3.468792573862302e-06,9.641843971631205,8.688396850535532e-05
5071,9.643844335333696,3.4635860947065957e-06,9.643844335333698,8.675323358138827e-05
5072,9.645844699036187,3.458391753749208e-06,9.645844699036187,8.662280466712373e-05
5073,9.647845062738678,3.4532095125025946e-06,9.647845062738678,8.649268078655882e-05
5074,9.64984542644117,3.4480393326337088e-06,9.649845426441171,8.636286096764097e-05
5075,9.65184579014366,3.442881175963244e-06,9.651845790143662,8.62333442422481e-05
5076,9.653846153846153,3.4377350044648916e-06,9.653846153846153,8.610412964616945e-05
5077,9.655846517548644,3.4326007802645884e-06,9.655846517548644,8.597521621908595e-05
5078,9.657846881251135,3.4274784656397995e-06,9.657846881251137,8.584660300455185e-05
5079,9.659847244953626,3.4223680230187577e-06,9.659847244953628,8.571828904997533e-05
5080,9.66184760865612,3.417269414979749e-06,9.66184760865612,8.559027340659982e-05
5081,9.66384797235861,3.4121826042503856e-06,9.66384797235861,8.546255512948476e-05
5082,9.665848336061101,3.4071075537068767e-06,9.665848336061101,8.53351332774877e-05
5083,9.667848699763594,3.402044226373329e-06,9.667848699763594,8.520800691324529e-05
5084,9.669849063466085,3.3969925854210088e-06,9.669849063466083,8.508117510315507e-05
5085,9.671849427168576,3.3919525941676486e-06,9.671849427168576,8.49546369173567e-05
5086,9.673849790871067,3.386924216076739e-06,9.673849790871067,8.482839142971444e-05
5087,9.675850154573558,3.3819074147568233e-06,9.67585015457356,8.470243771779853e-05
5088,9.67785051827605,3.376902153960801e-06,9.677850518276049,8.457677486286744e-05
5089,9.679850881978542,3.3719083975852465e-06,9.679850881978542,8.445140194984953e-05
5090,9.681851245681033,3.3669261096696978e-06,9.681851245681033,8.432631806732591e-05
5091,9.683851609383524,3.3619552543959844e-06,9.683851609383522,8.420152230751239e-05
5092,9.685851973086015,3.3569957960875457e-06,9.685851973086015,8.407701376624151e-05
5093,9.687852336788508,3.3520476992087442e-06,9.687852336788506,8.395279154294578e-05
5094,9.689852700490999,3.3471109283642093e-06,9.689852700490999,8.382885474063985e-05
5095,9.69185306419349,3.3421854482981447e-06,9.691853064193488,8.370520246590325e-05
5096,9.69385342789598,3.3372712238936737e-06,9.69385342789598,8.358183382886302e-05
5097,9.695853791598472,3.3323682201721764e-06,9.695853791598472,8.345874794317705e-05
5098,9.697854155300963,3.3274764022926283e-06,9.697854155300965,8.33359439260167e-05
5099,9.699854519003456,3.3225957355509416e-06,9.699854519003454,8.321342089805009e-05
5100,9.701854882705947,3.3177261853793285e-06,9.701854882705947,8.309117798342496e-05
5101,9.703855246408438,3.31286771734563e-06,9.703855246408438,8.296921430975244e-05
5102,9.705855610110929,3.308020297152686e-06,9.705855610110929,8.284752900809012e-05
5103,9.70785597381342,3.3031838906376936e-06,9.70785597381342,8.27261212129256e-05
5104,9.709856337515912,3.2983584637715626e-06,9.70985633751591,8.260499006215978e-05
5105,9.711856701218403,3.2935439826582975e-06,9.711856701218403,8.248413469709104e-05
5106,9.713857064920894,3.2887404135343443e-06,9.713857064920894,8.23635542623986e-05
5107,9.715857428623385,3.283947722767982e-06,9.715857428623385,8.224324790612662e-05
5108,9.717857792325876,3.279165876858692e-06,9.717857792325876,8.212321477966758e-05
5109,9.719858156028367,3.2743948424365376e-06,9.71985815602837,8.20034540377471e-05
5110,9.72185851973086,3.2696345862615484e-06,9.72185851973086,8.188396483840748e-05
5111,9.723858883433351,3.264885075223117e-06,9.72385888343335,8.17647463429922e-05
5112,9.725859247135842,3.2601462763393727e-06,9.725859247135842,8.164579771612973e-05
5113,9.727859610838333,3.2554181567565834e-06,9.727859610838333,8.152711812571862e-05
5114,9.729859974540824,3.250700683748556e-06,9.729859974540826,8.140870674291147e-05
5115,9.731860338243317,3.2459938247160295e-06,9.731860338243315,8.129056274209972e-05
5116,9.733860701945808,3.241297547186091e-06,9.733860701945808,8.117268530089782e-05
5117,9.7358610656483,3.236611818811567e-06,9.7358610656483,8.105507360012868e-05
5118,9.73786142935079,3.231936607370446e-06,9.737861429350792,8.0937726823808e-05
5119,9.739861793053281,3.227271880765284e-06,9.739861793053281,8.082064415912933e-05
5120,9.741862156755772,3.2226176070226284e-06,9.741862156755774,8.070382479644874e-05
5121,9.743862520458265,3.217973754292429e-06,9.743862520458265,8.05872679292704e-05
5122,9.745862884160756,3.21334029084748e-06,9.745862884160756,8.047097275423137e-05
5123,9.747863247863247,3.2087171850828206e-06,9.747863247863247,8.035493847108704e-05
5124,9.749863611565738,3.204104405515181e-06,9.749863611565738,8.023916428269597e-05
5125,9.751863975268229,3.1995019207824134e-06,9.75186397526823,8.012364939500594e-05
5126,9.753864338970722,3.194909699642921e-06,9.753864338970722,8.000839301703906e-05
5127,9.755864702673213,3.190327710975113e-06,9.755864702673213,7.989339436087741e-05
5128,9.757865066375704,3.185755923776823e-06,9.757865066375704,7.977865264164835e-05
5129,9.759865430078195,3.1811943071647724e-06,9.759865430078197,7.966416707751083e-05
5130,9.761865793780686,3.1766428303740116e-06,9.761865793780688,7.954993688964073e-05
5131,9.763866157483179,3.1721014627573666e-06,9.763866157483177,7.943596130221704e-05
5132,9.76586652118567,3.167570173784912e-06,9.76586652118567,7.932223954240728e-05
5133,9.76786688488816,3.1630489330434007e-06,9.76786688488816,7.920877084035418e-05
5134,9.769867248590652,3.158537710235743e-06,9.769867248590653,7.909555442916144e-05
5135,9.771867612293143,3.154036475180464e-06,9.771867612293143,7.898258954487994e-05
5136,9.773867975995634,3.1495451978111675e-06,9.773867975995636,7.886987542649385e-05
5137,9.775868339698127,3.145063848176006e-06,9.775868339698127,7.875741131590727e-05
5138,9.777868703400618,3.1405923964371613e-06,9.77786870340062,7.864519645793051e-05
5139,9.779869067103109,3.1361308128703017e-06,9.779869067103109,7.853323010026656e-05
5140,9.7818694308056,3.1316790678640697e-06,9.781869430805601,7.842151149349736e-05
5141,9.78386979450809,3.1272371319195635e-06,9.783869794508092,7.8310039891071e-05
5142,9.785870158210583,3.122804975649812e-06,9.785870158210583,7.819881454928796e-05
5143,9.787870521913074,3.1183825697792757e-06,9.787870521913074,7.808783472728824e-05
5144,9.789870885615565,3.1139698851433172e-06,9.789870885615565,7.797709968703758e-05
5145,9.791871249318056,3.1095668926877023e-06,9.791871249318058,7.786660869331522e-05
5146,9.793871613020547,3.105173563468092e-06,9.79387161302055,7.775636101370028e-05
5147,9.795871976723038,3.1007898686495406e-06,9.79587197672304,7.764635591855915e-05
5148,9.797872340425531,3.0964157795059902e-06,9.797872340425531,7.753659268103218e-05
5149,9.799872704128022,3.092051267419788e-06,9.799872704128024,7.74270705770215e-05
5150,9.801873067830513,3.0876963038811683e-06,9.801873067830513,7.731778888517793e-05
5151,9.803873431533004,3.083350860487777e-06,9.803873431533004,7.720874688688808e-05
5152,9.805873795235497,3.079014908944173e-06,9.805873795235497,7.709994386626234e-05
5153,9.807874158937988,3.074688421061346e-06,9.807874158937988,7.699137911012195e-05
5154,9.809874522640479,3.0703713687562346e-06,9.809874522640479,7.688305190798678e-05
5155,9.81187488634297,3.0660637240512348e-06,9.81187488634297,7.677496155206243e-05
5156,9.813875250045463,3.0617654590737243e-06,9.813875250045463,7.666710733722867e-05
5157,9.815875613747954,3.057476546055592e-06,9.815875613747954,7.655948856102665e-05
5158,9.817875977450445,3.053196957332754e-06,9.817875977450445,7.645210452364703e-05
5159,9.819876341152936,3.048926665344685e-06,9.819876341152936,7.634495452791729e-05
5160,9.821876704855429,3.044665642633961e-06,9.821876704855429,7.623803787929045e-05
5161,9.82387706855792,3.04041386184577e-06,9.82387706855792,7.613135388583258e-05
5162,9.82587743226041,3.0361712957274637e-06,9.825877432260409,7.602490185821109e-05
5163,9.827877795962902,3.0319379171280916e-06,9.827877795962902,7.591868110968246e-05
5164,9.829878159665395,3.0277136989979384e-06,9.829878159665393,7.581269095608106e-05
5165,9.831878523367886,3.023498614388078e-06,9.831878523367886,7.570693071580696e-05
5166,9.833878887070377,3.019292636449903e-06,9.833878887070375,7.560139970981457e-05
5167,9.835879250772868,3.0150957384346826e-06,9.835879250772868,7.549609726160052e-05
5168,9.837879614475359,3.010907893693112e-06,9.837879614475359,7.539102269719269e-05
5169,9.83987997817785,3.0067290756748626e-06,9.839879978177851,7.528617534513844e-05
5170,9.841880341880342,3.002559257928136e-06,9.84188034188034,7.518155453649334e-05
5171,9.843880705582833,2.998398414099233e-06,9.843880705582832,7.50771596048093e-05
5172,9.845881069285324,2.9942465179320917e-06,9.845881069285324,7.4972989886124e-05
5173,9.847881432987815,2.990103543267869e-06,9.847881432987815,7.486904471894924e-05
5174,9.849881796690307,2.9859694640444947e-06,9.849881796690307,7.476532344425984e-05
5175,9.8518821603928,2.9818442542962394e-06,9.851882160392798,7.46618254054822e-05
5176,9.85388252409529,2.9777278881532925e-06,9.85388252409529,7.45585499484839e-05
5177,9.855882887797781,2.973620339841319e-06,9.855882887797781,7.445549642156209e-05
5178,9.857883251500272,2.96952158368104e-06,9.857883251500272,7.435266417543296e-05
5179,9.859883615202763,2.96543159408781e-06,9.859883615202763,7.425005256322034e-05
5180,9.861883978905254,2.9613503455711923e-06,9.861883978905256,7.414766094044542e-05
5181,9.863884342607747,2.957277812734537e-06,9.863884342607747,7.404548866501575e-05
5182,9.865884706310238,2.9532139702745742e-06,9.865884706310236,7.394353509721451e-05
5183,9.86788507001273,2.949158792980981e-06,9.86788507001273,7.38417995996896e-05
5184,9.86988543371522,2.9451122557359815e-06,9.86988543371522,7.374028153744358e-05
5185,9.871885797417711,2.9410743335139305e-06,9.871885797417713,7.363898027782273e-05
5186,9.873886161120204,2.9370450013809023e-06,9.873886161120202,7.353789519050672e-05
5187,9.875886524822695,2.9330242344942972e-06,9.875886524822695,7.343702564749783e-05
5188,9.877886888525186,2.929012008102415e-06,9.877886888525186,7.333637102311115e-05
5189,9.879887252227677,2.925008297544069e-06,9.879887252227679,7.323593069396382e-05
5190,9.881887615930168,2.9210130782481784e-06,9.881887615930168,7.3135704038965e-05
5191,9.883887979632659,2.9170263257333724e-06,9.883887979632659,7.30356904393052e-05
5192,9.885888343335152,2.9130480156075895e-06,9.885888343335152,7.293588927844674e-05
5193,9.887888707037643,2.909078123567696e-06,9.887888707037643,7.283629994211331e-05
5194,9.889889070740134,2.9051166253990736e-06,9.889889070740134,7.273692181827993e-05
5195,9.891889434442625,2.901163496975244e-06,9.891889434442625,7.263775429716275e-05
5196,9.893889798145116,2.8972187142574755e-06,9.893889798145118,7.25387967712095e-05
5197,9.895890161847609,2.8932822532943954e-06,9.895890161847609,7.24400486350894e-05
5198,9.8978905255501,2.889354090221615e-06,9.8978905255501,7.234150928568328e-05
5199,9.89989088925259,2.8854342012613336e-06,9.89989088925259,7.224317812207353e-05
5200,9.901891252955082,2.881522562721964e-06,9.901891252955084,7.214505454553497e-05
5201,9.903891616657573,2.8776191509977582e-06,9.903891616657575,7.204713795952463e-05
5202,9.905891980360064,2.873723942568427e-06,9.905891980360064,7.194942776967236e-05
5203,9.907892344062557,2.8698369139987615e-06,9.907892344062557,7.18519233837709e-05
5204,9.909892707765048,2.865958041938276e-06,9.909892707765048,7.175462421176682e-05
5205,9.911893071467539,2.862087303120815e-06,9.91189307146754,7.165752966575071e-05
5206,9.91389343517003,2.8582246743642034e-06,9.91389343517003,7.156063915994788e-05
5207,9.91589379887252,2.854370132569867e-06,9.915893798872522,7.146395211070861e-05
5208,9.917894162575013,2.8505236547224743e-06,9.917894162575013,7.13674679364993e-05
5209,9.919894526277504,2.846685217889579e-06,9.919894526277504,7.127118605789303e-05
5210,9.921894889979995,2.8428547992212424e-06,9.921894889979995,7.117510589755983e-05
5211,9.923895253682486,2.839032375949688e-06,9.923895253682486,7.10792268802582e-05
5212,9.925895617384977,2.835217925388938e-06,9.92589561738498,7.098354843282549e-05
5213,9.927895981087469,2.83141142493446e-06,9.927895981087469,7.088806998416902e-05
5214,9.929896344789961,2.827612852062808e-06,9.929896344789961,7.079279096525659e-05
5215,9.931896708492452,2.8238221843312843e-06,9.931896708492452,7.069771080910808e-05
5216,9.933897072194943,2.8200393993775704e-06,9.933897072194945,7.060282895078609e-05
5217,9.935897435897434,2.816264474919391e-06,9.935897435897434,7.050814482738714e-05
5218,9.937897799599925,2.8124973887541617e-06,9.937897799599927,7.041365787803256e-05
5219,9.939898163302418,2.8087381187586454e-06,9.939898163302418,7.031936754386003e-05
5220,9.94189852700491,2.8049866428886183e-06,9.941898527004911,7.022527326801457e-05
5221,9.9438988907074,2.8012429391785096e-06,9.9438988907074,7.01313744956399e-05
5222,9.945899254409891,2.7975069857410773e-06,9.945899254409891,7.003767067386945e-05
5223,9.947899618112382,2.7937787607670623e-06,9.947899618112384,6.994416125181814e-05
5224,9.949899981814873,2.7900582425248577e-06,9.949899981814875,6.985084568057353e-05
5225,9.951900345517366,2.786345409360167e-06,9.951900345517366,6.975772341318733e-05
5226,9.953900709219857,2.782640239695684e-06,9.953900709219857,6.966479390466666e-05
5227,9.955901072922348,2.778942712030745e-06,9.95590107292235,6.957205661196588e-05
5228,9.957901436624839,2.7752528049410102e-06,9.95790143662484,6.947951099397808e-05
5229,9.959901800327332,2.771570497078133e-06,9.959901800327332,6.938715651152659e-05
5230,9.961902164029823,2.767895767169432e-06,9.961902164029823,6.929499262735652e-05
5231,9.963902527732314,2.764228594017574e-06,9.963902527732314,6.920301880612679e-05
5232,9.965902891434807,2.7605689565002406e-06,9.965902891434807,6.911123451440167e-05
5233,9.967903255137298,2.7569168335698116e-06,9.967903255137296,6.901963922064262e-05
5234,9.969903618839789,2.753272204253046e-06,9.969903618839789,6.892823239519978e-05
5235,9.97190398254228,2.749635047650764e-06,9.97190398254228,6.883701351030441e-05
5236,9.973904346244773,2.7460053429375267e-06,9.973904346244773,6.874598204006039e-05
5237,9.975904709947264,2.7423830693613316e-06,9.975904709947262,6.865513746043636e-05
5238,9.977905073649755,2.738768206243285e-06,9.977905073649755,6.856447924925737e-05
5239,9.979905437352246,2.735160732977298e-06,9.979905437352246,6.847400688619738e-05
5240,9.981905801054737,2.7315606290297788e-06,9.981905801054738,6.838371985277102e-05
5241,9.98390616475723,2.727967873939314e-06,9.983906164757228,6.829361763232585e-05
5242,9.98590652845972,2.7243824473163796e-06,9.985906528459719,6.820369971003419e-05
5243,9.987906892162211,2.720804328843014e-06,9.987906892162211,6.811396557288574e-05
5244,9.989907255864702,2.7172334982725284e-06,9.989907255864702,6.802441470967959e-05
5245,9.991907619567193,2.7136699354291974e-06,9.991907619567193,6.79350466110165e-05
5246,9.993907983269684,2.710113620207964e-06,9.993907983269684,6.784586076929101e-05
5247,9.995908346972177,2.70656453257413e-06,9.995908346972177,6.775685667868419e-05
5248,9.997908710674668,2.703022652563076e-06,9.997908710674668,6.76680338351557e-05
5249,9.99990907437716,2.6994879602799432e-06,9.99990907437716,6.75793917364364e-05
5250,10.00190943807965,2.6959604358993523e-06,10.00190943807965,6.749092988202052e-05
5251,10.003909801782141,2.692440059665106e-06,10.003909801782141,6.740264777315851e-05
5252,10.005910165484634,2.6889268118898947e-06,10.005910165484634,6.731454491284934e-05
5253,10.007910529187125,2.685420672955015e-06,10.007910529187123,6.722662080583324e-05
5254,10.009910892889616,2.681921623310066e-06,10.009910892889616,6.713887495858393e-05
5255,10.011911256592107,2.6784296434726733e-06,10.011911256592107,6.70513068793018e-05
5256,10.013911620294598,2.674944714028196e-06,10.0139116202946,6.696391607790624e-05
5257,10.01591198399709,2.6714668156294456e-06,10.01591198399709,6.687670206602848e-05
5258,10.017912347699582,2.6679959289963972e-06,10.017912347699582,6.67896643570041e-05
5259,10.019912711402073,2.664532034915921e-06,10.019912711402073,6.670280246586622e-05
5260,10.021913075104564,2.6610751142414806e-06,10.021913075104566,6.661611590933806e-05
5261,10.023913438807055,2.6576251478928697e-06,10.023913438807055,6.652960420582598e-05
5262,10.025913802509546,2.6541821168559275e-06,10.025913802509546,6.644326687541195e-05
5263,10.027914166212039,2.6507460021822613e-06,10.027914166212039,6.635710343984705e-05
5264,10.02991452991453,2.6473167849889816e-06,10.02991452991453,6.62711134225441e-05
5265,10.03191489361702,2.643894446458412e-06,10.03191489361702,6.618529634857082e-05
5266,10.033915257319512,2.640478967837826e-06,10.033915257319512,6.609965174464253e-05
5267,10.035915621022003,2.637070330439177e-06,10.035915621022005,6.601417913911569e-05
5268,10.037915984724494,2.633668515638822e-06,10.037915984724494,6.59288780619808e-05
5269,10.039916348426987,2.6302735048772573e-06,10.039916348426987,6.58437480448553e-05
5270,10.041916712129478,2.626885279658857e-06,10.041916712129478,6.575878862097717e-05
5271,10.043917075831969,2.623503821551592e-06,10.043917075831969,6.567399932519788e-05
5272,10.04591743953446,2.620129112186778e-06,10.04591743953446,6.558937969397568e-05
5273,10.04791780323695,2.616761133258807e-06,10.04791780323695,6.550492926536873e-05
5274,10.049918166939444,2.6133998665248855e-06,10.049918166939444,6.542064757902875e-05
5275,10.051918530641935,2.610045293804779e-06,10.051918530641935,6.533653417619405e-05
5276,10.053918894344426,2.6066973969805417e-06,10.053918894344426,6.52525885996831e-05
5277,10.055919258046917,2.603356157996269e-06,10.055919258046917,6.516881039388761e-05
5278,10.057919621749408,2.6000215588578328e-06,10.05791962174941,6.508519910476644e-05
5279,10.059919985451899,2.5966935816326307e-06,10.0599199854519,6.500175427983871e-05
5280,10.061920349154391,2.593372208449325e-06,10.06192034915439,6.491847546817753e-05
5281,10.063920712856882,2.590057421497604e-06,10.063920712856882,6.483536222040318e-05
5282,10.065921076559373,2.58674920302791e-06,10.065921076559373,6.475241408867712e-05
5283,10.067921440261864,2.5834475353512034e-06,10.067921440261866,6.466963062669534e-05
5284,10.069921803964355,2.5801524008387053e-06,10.069921803964355,6.458701138968207e-05
5285,10.071922167666848,2.576863781921651e-06,10.071922167666848,6.450455593438317e-05
5286,10.07392253136934,2.5735816610910515e-06,10.07392253136934,6.442226381906027e-05
5287,10.07592289507183,2.5703060208974297e-06,10.075922895071832,6.434013460348419e-05
5288,10.077923258774321,2.5670368439505913e-06,10.077923258774321,6.425816784892885e-05
5289,10.079923622476812,2.5637741129193713e-06,10.079923622476814,6.417636311816472e-05
5290,10.081923986179303,2.5605178105313983e-06,10.081923986179305,6.40947199754531e-05
5291,10.083924349881796,2.557267919572848e-06,10.083924349881796,6.401323798653968e-05
5292,10.085924713584287,2.554024422888211e-06,10.085924713584287,6.393191671864852e-05
5293,10.087925077286778,2.550787303380043e-06,10.087925077286778,6.385075574047569e-05
5294,10.08992544098927,2.547556544008732e-06,10.089925440989271,6.376975462218362e-05
5295,10.09192580469176,2.5443321277922643e-06,10.091925804691762,6.368891293539477e-05
5296,10.093926168394253,2.5411140378059837e-06,10.093926168394253,6.360823025318579e-05
5297,10.095926532096744,2.537902257182366e-06,10.095926532096744,6.352770615008122e-05
5298,10.097926895799235,2.5346967691107734e-06,10.097926895799237,6.344734020204796e-05
5299,10.099927259501726,2.5314975568372297e-06,10.099927259501728,6.336713198648913e-05
5300,10.101927623204217,2.528304603664188e-06,10.101927623204217,6.32870810822382e-05
5301,10.10392798690671,2.525117892950303e-06,10.10392798690671,6.320718706955297e-05
5302,10.1059283506092,2.5219374081101953e-06,10.1059283506092,6.312744953011004e-05
5303,10.107928714311692,2.518763132614236e-06,10.107928714311694,6.304786804699879e-05
5304,10.109929078014183,2.5155950499883047e-06,10.109929078014183,6.296844220471571e-05
5305,10.111929441716676,2.5124331438135746e-06,10.111929441716676,6.288917158915838e-05
5306,10.113929805419167,2.509277397726285e-06,10.113929805419167,6.281005578762017e-05
5307,10.115930169121658,2.5061277954175137e-06,10.11593016912166,6.27310943887842e-05
5308,10.117930532824149,2.502984320632967e-06,10.117930532824149,6.26522869827179e-05
5309,10.119930896526641,2.4998469571727432e-06,10.119930896526641,6.257363316086698e-05
5310,10.121931260229132,2.49671568889112e-06,10.121931260229132,6.24951325160504e-05
5311,10.123931623931623,2.4935904996963353e-06,10.123931623931623,6.241678464245427e-05
5312,10.125931987634115,2.4904713735503685e-06,10.125931987634115,6.233858913562663e-05
5313,10.127932351336607,2.4873582944687207e-06,10.127932351336606,6.226054559247149e-05
5314,10.129932715039098,2.484251246520206e-06,10.129932715039098,6.218265361124386e-05
5315,10.13193307874159,2.481150213826726e-06,10.13193307874159,6.210491279154387e-05
5316,10.13393344244408,2.4780551805630623e-06,10.13393344244408,6.202732273431156e-05
5317,10.135933806146571,2.4749661309566625e-06,10.135933806146571,6.194988304182105e-05
5318,10.137934169849064,2.4718830492874265e-06,10.137934169849064,6.187259331767565e-05
5319,10.139934533551555,2.4688059198875007e-06,10.139934533551555,6.179545316680218e-05
5320,10.141934897254046,2.4657347271410605e-06,10.141934897254044,6.171846219544573e-05
5321,10.143935260956537,2.462669455484104e-06,10.143935260956537,6.164162001116407e-05
5322,10.145935624659028,2.4596100894042454e-06,10.145935624659028,6.156492622282273e-05
5323,10.14793598836152,2.4565566134405096e-06,10.147935988361521,6.148838044058949e-05
5324,10.149936352064012,2.453509012183117e-06,10.14993635206401,6.141198227592925e-05
5325,10.151936715766503,2.4504672702732958e-06,10.151936715766503,6.133573134159852e-05
5326,10.153937079468994,2.4474313724030563e-06,10.153937079468994,6.125962725164063e-05
5327,10.155937443171485,2.4444013033150044e-06,10.155937443171485,6.11836696213803e-05
5328,10.157937806873976,2.4413770478021295e-06,10.157937806873976,6.110785806741837e-05
5329,10.159938170576469,2.438358590707608e-06,10.159938170576469,6.103219220762704e-05
5330,10.16193853427896,2.4353459169246054e-06,10.16193853427896,6.095667166114443e-05
5331,10.163938897981451,2.4323390113960702e-06,10.16393889798145,6.088129604836974e-05
5332,10.165939261683942,2.429337859114537e-06,10.165939261683942,6.080606499095785e-05
5333,10.167939625386433,2.4263424451219326e-06,10.167939625386433,6.073097811181467e-05
5334,10.169939989088924,2.423352754509377e-06,10.169939989088926,6.065603503509197e-05
5335,10.171940352791417,2.4203687724169854e-06,10.171940352791415,6.0581235386182396e-05
5336,10.173940716493908,2.417390484033682e-06,10.173940716493908,6.0506578791714324e-05
5337,10.175941080196399,2.4144178745969934e-06,10.175941080196399,6.0432064879547285e-05
5338,10.17794144389889,2.4114509293928648e-06,10.177941443898892,6.03576932787668e-05
5339,10.17994180760138,2.408489633755465e-06,10.17994180760138,6.028346361967961e-05
5340,10.181942171303874,2.4055339730669922e-06,10.181942171303872,6.020937553380853e-05
5341,10.183942535006365,2.4025839327574955e-06,10.183942535006365,6.013542865388801e-05
5342,10.185942898708856,2.3996394983046686e-06,10.185942898708856,6.006162261385905e-05
5343,10.187943262411347,2.3967006552336716e-06,10.187943262411347,5.998795704886452e-05
5344,10.189943626113838,2.3937673891169427e-06,10.189943626113838,5.991443159524411e-05
5345,10.191943989816329,2.390839685574008e-06,10.19194398981633,5.984104589052999e-05
5346,10.193944353518821,2.3879175302712965e-06,10.193944353518821,5.9767799573441784e-05
5347,10.195944717221312,2.385000908921962e-06,10.195944717221312,5.969469228388202e-05
5348,10.197945080923803,2.3820898072856873e-06,10.197945080923803,5.962172366293113e-05
5349,10.199945444626294,2.3791842111685066e-06,10.199945444626296,5.9548893352843205e-05
5350,10.201945808328786,2.3762841064226247e-06,10.201945808328787,5.9476200997041105e-05
5351,10.203946172031278,2.37338947894623e-06,10.203946172031277,5.9403646240111934e-05
5352,10.20594653573377,2.3705003146833236e-06,10.20594653573377,5.9331228727802125e-05
5353,10.20794689943626,2.367616599623528e-06,10.20794689943626,5.925894810701337e-05
5354,10.209947263138751,2.3647383198019117e-06,10.209947263138753,5.918680402579771e-05
5355,10.211947626841242,2.3618654612988148e-06,10.211947626841242,5.911479613335312e-05
5356,10.213947990543733,2.3589980102396667e-06,10.213947990543735,5.9042924080018765e-05
5357,10.215948354246226,2.3561359527948097e-06,10.215948354246226,5.8971187517270905e-05
5358,10.217948717948717,2.3532792751793316e-06,10.217948717948719,5.889958609771811e-05
5359,10.219949081651208,2.3504279636528747e-06,10.219949081651208,5.882811947509692e-05
5360,10.2219494453537,2.347582004519476e-06,10.2219494453537,5.875678730426724e-05
5361,10.22394980905619,2.344741384127386e-06,10.223949809056192,5.8685589241208227e-05
5362,10.225950172758683,2.341906088868897e-06,10.225950172758683,5.861452494301365e-05
5363,10.227950536461174,2.3390761051801773e-06,10.227950536461174,5.854359406788771e-05
5364,10.229950900163665,2.3362514195410906e-06,10.229950900163665,5.84727962751403e-05
5365,10.231951263866156,2.333432018475031e-06,10.231951263866158,5.8402131225183186e-05
5366,10.233951627568647,2.3306178885487544e-06,10.233951627568649,5.833159857952536e-05
5367,10.235951991271138,2.3278090163722054e-06,10.23595199127114,5.826119800076889e-05
5368,10.23795235497363,2.325005388598351e-06,10.23795235497363,5.8190929152604395e-05
5369,10.239952718676122,2.322206991923023e-06,10.239952718676124,5.8120791699807186e-05
5370,10.241953082378613,2.3194138130847323e-06,10.241953082378615,5.805078530823271e-05
5371,10.243953446081104,2.316625838864519e-06,10.243953446081104,5.7980909644812556e-05
5372,10.245953809783595,2.31384305608578e-06,10.245953809783597,5.7911164377549944e-05
5373,10.247954173486088,2.3110654516141073e-06,10.247954173486088,5.78415491755159e-05
5374,10.249954537188579,2.3082930123571278e-06,10.24995453718858,5.7772063708844923e-05
5375,10.25195490089107,2.305525725264333e-06,10.25195490089107,5.770270764873094e-05
5376,10.25395526459356,2.302763577326922e-06,10.253955264593563,5.7633480667422865e-05
5377,10.255955628296052,2.300006555577639e-06,10.255955628296054,5.7564382438221e-05
5378,10.257955991998545,2.297254647090613e-06,10.257955991998546,5.749541263547259e-05
5379,10.259956355701036,2.2945078389811975e-06,10.259956355701036,5.742657093456792e-05
5380,10.261956719403527,2.291766118405817e-06,10.261956719403527,5.735785701193607e-05
5381,10.26395708310602,2.289029472561797e-06,10.26395708310602,5.728927054504116e-05
5382,10.26595744680851,2.286297888687217e-06,10.26595744680851,5.722081121237821e-05
5383,10.267957810511001,2.2835713540607476e-06,10.267957810511001,5.715247869346914e-05
5384,10.269958174213492,2.2808498560014957e-06,10.269958174213492,5.7084272668858674e-05
5385,10.271958537915985,2.278133381868856e-06,10.271958537915985,5.701619282011068e-05
5386,10.273958901618476,2.2754219190623423e-06,10.273958901618474,5.694823882980407e-05
5387,10.275959265320967,2.2727154550214445e-06,10.275959265320967,5.6880410381528704e-05
5388,10.277959629023458,2.2700139772254713e-06,10.277959629023458,5.6812707159881844e-05
5389,10.27995999272595,2.267317473193397e-06,10.279959992725951,5.674512885046403e-05
5390,10.281960356428442,2.26462593048371e-06,10.28196035642844,5.6677675139875334e-05
5391,10.283960720130933,2.261939336694268e-06,10.283960720130931,5.661034571571128e-05
5392,10.285961083833424,2.259257679462132e-06,10.285961083833424,5.6543140266559344e-05
5393,10.287961447535915,2.256580946463432e-06,10.287961447535915,5.647605848199496e-05
5394,10.289961811238406,2.2539091254132073e-06,10.289961811238406,5.6409100052577776e-05
5395,10.291962174940899,2.2512422040652634e-06,10.291962174940897,5.634226466984767e-05
5396,10.29396253864339,2.2485801702120253e-06,10.29396253864339,5.627555202632134e-05
5397,10.295962902345881,2.245923011684383e-06,10.295962902345881,5.6208961815488326e-05
5398,10.297963266048372,2.243270716351551e-06,10.297963266048372,5.61424937318074e-05
5399,10.299963629750863,2.2406232721209202e-06,10.299963629750863,5.607614747070259e-05
5400,10.301963993453354,2.237980666937913e-06,10.301963993453354,5.60099227285599e-05
5401,10.303964357155847,2.235342888785837e-06,10.303964357155847,5.5943819202723326e-05
5402,10.305964720858338,2.232709925685747e-06,10.305964720858336,5.5877836591491354e-05
5403,10.307965084560829,2.2300817656962927e-06,10.307965084560829,5.581197459411307e-05
5404,10.30996544826332,2.227458396913581e-06,10.30996544826332,5.5746232910784874e-05
5405,10.31196581196581,2.224839807471034e-06,10.311965811965813,5.568061124264666e-05
5406,10.313966175668304,2.2222259855392443e-06,10.313966175668302,5.561510929177833e-05
5407,10.315966539370795,2.219616919325842e-06,10.315966539370795,5.5549726761195894e-05
5408,10.317966903073286,2.217012597075344e-06,10.317966903073286,5.5484463354848427e-05
5409,10.319967266775777,2.214413007069021e-06,10.319967266775778,5.541931877761411e-05
5410,10.321967630478268,2.211818137624757e-06,10.321967630478268,5.535429273529695e-05
5411,10.323967994180759,2.20922797709691e-06,10.323967994180759,5.528938493462296e-05
5412,10.325968357883252,2.2066425138761736e-06,10.325968357883252,5.522459508323699e-05
5413,10.327968721585743,2.204061736389448e-06,10.327968721585743,5.515992288969908e-05
5414,10.329969085288234,2.201485633099689e-06,10.329969085288234,5.509536806348105e-05
5415,10.331969448990725,2.198914192505783e-06,10.331969448990725,5.5030930314962836e-05
5416,10.333969812693216,2.1963474031424093e-06,10.333969812693217,5.4966609355429364e-05
5417,10.335970176395708,2.193785253579901e-06,10.335970176395708,5.4902404897066976e-05
5418,10.3379705400982,2.191227732424121e-06,10.3379705400982,5.4838316652960044e-05
5419,10.33997090380069,2.1886748283163156e-06,10.33997090380069,5.477434433708739e-05
5420,10.341971267503181,2.1861265299329904e-06,10.341971267503181,5.4710487664319255e-05
5421,10.343971631205672,2.1835828259857757e-06,10.343971631205674,5.464674635041373e-05
5422,10.345971994908165,2.1810437052212895e-06,10.345971994908163,5.458312011201345e-05
5423,10.347972358610656,2.1785091564210213e-06,10.347972358610656,5.451960866664207e-05
5424,10.349972722313147,2.1759791684011817e-06,10.349972722313147,5.4456211732701333e-05
5425,10.351973086015638,2.173453730012587e-06,10.35197308601564,5.439292902946748e-05
5426,10.35397344971813,2.170932830140521e-06,10.35397344971813,5.432976027708808e-05
5427,10.35597381342062,2.168416457704614e-06,10.355973813420622,5.426670519657855e-05
5428,10.357974177123113,2.165904601658705e-06,10.357974177123113,5.420376350981922e-05
5429,10.359974540825604,2.163397250990725e-06,10.359974540825606,5.414093493955189e-05
5430,10.361974904528095,2.1608943947225603e-06,10.361974904528095,5.407821920937664e-05
5431,10.363975268230586,2.1583960219099296e-06,10.363975268230586,5.4015616043748475e-05
5432,10.365975631933077,2.155902121642258e-06,10.365975631933079,5.39531251679744e-05
5433,10.36797599563557,2.153412683042549e-06,10.36797599563557,5.3890746308210015e-05
5434,10.369976359338061,2.150927695267268e-06,10.369976359338061,5.382847919145648e-05
5435,10.371976723040552,2.148447147506205e-06,10.371976723040552,5.37663235455571e-05
5436,10.373977086743043,2.145971028982359e-06,10.373977086743045,5.3704279099194534e-05
5437,10.375977450445534,2.1434993289518135e-06,10.375977450445536,5.364234558188739e-05
5438,10.377977814148025,2.1410320367036117e-06,10.377977814148027,5.358052272398733e-05
5439,10.379978177850518,2.138569141559634e-06,10.379978177850518,5.351881025667559e-05
5440,10.381978541553009,2.136110632874484e-06,10.381978541553009,5.345720791196031e-05
5441,10.3839789052555,2.1336565000353536e-06,10.383978905255502,5.339571542267327e-05
5442,10.38597926895799,2.1312067324619128e-06,10.38597926895799,5.333433252246683e-05
5443,10.387979632660482,2.128761319606185e-06,10.387979632660484,5.327305894581074e-05
5444,10.389979996362975,2.1263202509524274e-06,10.389979996362975,5.3211894427989385e-05
5445,10.391980360065466,2.1238835160170186e-06,10.391980360065466,5.3150838705098635e-05
5446,10.393980723767957,2.1214511043483288e-06,10.393980723767957,5.308989151404264e-05
5447,10.395981087470448,2.119023005526608e-06,10.39598108747045,5.302905259253116e-05
5448,10.397981451172939,2.116599209163869e-06,10.39798145117294,5.2968321679076346e-05
5449,10.39998181487543,2.114179704903767e-06,10.39998181487543,5.2907698512989956e-05
5450,10.401982178577923,2.1117644824214852e-06,10.401982178577923,5.2847182834380046e-05
5451,10.403982542280414,2.1093535314236234e-06,10.403982542280414,5.2786774384148486e-05
5452,10.405982905982905,2.106946841648071e-06,10.405982905982906,5.2726472903987694e-05
5453,10.407983269685396,2.1045444028638998e-06,10.407983269685396,5.266627813637789e-05
5454,10.409983633387888,2.10214620487125e-06,10.409983633387888,5.260618982458396e-05
5455,10.41198399709038,2.09975223750121e-06,10.41198399709038,5.2546207712652865e-05
5456,10.41398436079287,2.0973624906157135e-06,10.413984360792872,5.248633154541055e-05
5457,10.415984724495361,2.0949769541074134e-06,10.415984724495361,5.2426561068459206e-05
5458,10.417985088197854,2.092595617899578e-06,10.417985088197854,5.2366896028174136e-05
5459,10.419985451900345,2.0902184719459762e-06,10.419985451900345,5.2307336171701295e-05
5460,10.421985815602836,2.087845506230765e-06,10.421985815602836,5.2247881246954224e-05
5461,10.423986179305329,2.0854767107683794e-06,10.423986179305327,5.2188531002611296e-05
5462,10.42598654300782,2.083112075603424e-06,10.425986543007818,5.2129285188112724e-05
5463,10.427986906710311,2.0807515908105584e-06,10.427986906710311,5.2070143553658104e-05
5464,10.429987270412802,2.078395246494388e-06,10.429987270412802,5.2011105850203386e-05
5465,10.431987634115293,2.076043032789358e-06,10.431987634115293,5.195217182945821e-05
5466,10.433987997817786,2.0736949398596394e-06,10.433987997817784,5.189334124388292e-05
5467,10.435988361520277,2.0713509578990315e-06,10.435988361520277,5.183461384668619e-05
5468,10.437988725222768,2.069011077130838e-06,10.437988725222768,5.177598939182201e-05
5469,10.439989088925259,2.066675287807772e-06,10.439989088925257,5.1717467633987075e-05
5470,10.44198945262775,2.0643435802118446e-06,10.44198945262775,5.165904832861789e-05
5471,10.443989816330241,2.0620159446542573e-06,10.443989816330241,5.1600731231888375e-05
5472,10.445990180032734,2.0596923714752976e-06,10.445990180032734,5.154251610070693e-05
5473,10.447990543735225,2.057372851044237e-06,10.447990543735223,5.148440269271393e-05
5474,10.449990907437716,2.055057373759217e-06,10.449990907437716,5.1426390766278756e-05
5475,10.451991271140207,2.052745930047153e-06,10.451991271140207,5.136848008049752e-05
5476,10.453991634842698,2.050438510363623e-06,10.4539916348427,5.13106703951902e-05
5477,10.45599199854519,2.048135105192768e-06,10.455991998545189,5.1252961470898086e-05
5478,10.457992362247682,2.0458357050471922e-06,10.457992362247682,5.119535306888096e-05
5479,10.459992725950173,2.043540300467851e-06,10.459992725950173,5.113784495111484e-05
5480,10.461993089652664,2.0412488820239546e-06,10.461993089652664,5.108043688028907e-05
5481,10.463993453355155,2.0389614403128637e-06,10.463993453355155,5.102312861980394e-05
5482,10.465993817057646,2.0366779659599902e-06,10.465993817057646,5.096591993376786e-05
5483,10.467994180760138,2.0343984496186916e-06,10.467994180760138,5.090881058699506e-05
5484,10.46999454446263,2.0321228819701787e-06,10.46999454446263,5.085180034500291e-05
5485,10.47199490816512,2.029851253723404e-06,10.47199490816512,5.079488897400943e-05
5486,10.473995271867611,2.0275835556149705e-06,10.473995271867611,5.073807624093052e-05
5487,10.475995635570102,2.025319778409026e-06,10.475995635570104,5.068136191337783e-05
5488,10.477995999272595,2.0230599128971697e-06,10.477995999272595,5.0624745759655956e-05
5489,10.479996362975086,2.020803949898352e-06,10.479996362975085,5.056822754876008e-05
5490,10.481996726677577,2.018551880258773e-06,10.481996726677577,5.0511807050373285e-05
5491,10.483997090380068,2.016303694851787e-06,10.483997090380068,5.0455484034864345e-05
5492,10.48599745408256,2.014059384577806e-06,10.485997454082561,5.039925827328507e-05
5493,10.48799781778505,2.0118189403641992e-06,10.48799781778505,5.0343129537367976e-05
5494,10.489998181487543,2.0095823531652007e-06,10.489998181487543,5.028709759952357e-05
5495,10.491998545190034,2.0073496139618132e-06,10.491998545190034,5.023116223283825e-05
5496,10.493998908892525,2.0051207137617077e-06,10.493998908892527,5.017532321107169e-05
5497,10.495999272595016,2.002895643599131e-06,10.495999272595016,5.011958030865449e-05
5498,10.497999636297507,2.000674394534811e-06,10.497999636297509,5.006393330068558e-05
5499,10.5,1.99845695765586e-06,10.5,5.000838196293012e-05
